"Date","Time","Open","High","Low","Close","Up","Down","ZMA","Upper Band","Lower Band"
06/09/2023,14:15,49.70,49.70,49.66,49.68,18958,25756,0.00,0.00,0.00
06/09/2023,14:20,49.69,49.73,49.65,49.72,44923,43826,0.00,0.00,0.00
06/09/2023,14:25,49.73,49.74,49.71,49.72,37477,55752,0.00,0.00,0.00
06/09/2023,14:30,49.72,49.72,49.67,49.69,53606,55041,0.00,0.00,0.00
06/09/2023,14:35,49.68,49.70,49.66,49.69,51463,62015,0.00,0.00,0.00
06/09/2023,14:40,49.69,49.70,49.64,49.69,65546,62506,0.00,0.00,0.00
06/09/2023,14:45,49.69,49.72,49.67,49.70,53893,52961,0.00,0.00,0.00
06/09/2023,14:50,49.70,49.74,49.68,49.68,80218,93515,0.00,0.00,0.00
06/09/2023,14:55,49.69,49.69,49.62,49.64,213050,201077,0.00,0.00,0.00
06/09/2023,15:00,49.64,49.68,49.62,49.66,354345,346663,0.00,0.00,0.00
06/12/2023,08:35,49.96,49.98,49.71,49.72,60652,371661,0.00,0.00,0.00
06/12/2023,08:40,49.72,49.78,49.67,49.78,95539,68439,0.00,0.00,0.00
06/12/2023,08:45,49.79,49.84,49.74,49.77,36882,55993,0.00,0.00,0.00
06/12/2023,08:50,49.77,49.79,49.72,49.79,38984,39583,0.00,0.00,0.00
06/12/2023,08:55,49.79,49.87,49.79,49.87,35503,65042,0.00,0.00,0.00
06/12/2023,09:00,49.88,49.95,49.87,49.88,24029,37261,0.00,0.00,0.00
06/12/2023,09:05,49.88,49.89,49.81,49.82,83406,80844,0.00,0.00,0.00
06/12/2023,09:10,49.82,49.83,49.70,49.75,88233,76787,0.00,0.00,0.00
06/12/2023,09:15,49.74,49.86,49.70,49.86,75892,63004,0.00,0.00,0.00
06/12/2023,09:20,49.86,49.86,49.79,49.80,44670,36495,0.00,0.00,0.00
06/12/2023,09:25,49.80,49.89,49.78,49.87,37298,30381,1.02,0.00,0.00
06/12/2023,09:30,49.87,49.94,49.86,49.92,91781,96195,3.35,0.00,0.00
06/12/2023,09:35,49.93,49.96,49.90,49.94,35414,23686,6.86,0.00,0.00
06/12/2023,09:40,49.94,49.97,49.92,49.94,30175,39018,11.26,0.00,0.00
06/12/2023,09:45,49.94,49.99,49.93,49.98,39829,29273,16.20,0.00,0.00
06/12/2023,09:50,49.99,50.01,49.96,50.00,89362,70813,21.37,0.00,0.00
06/12/2023,09:55,50.00,50.10,50.00,50.09,52246,38010,26.48,0.00,0.00
06/12/2023,10:00,50.10,50.11,50.07,50.08,44518,89312,31.32,0.00,0.00
06/12/2023,10:05,50.08,50.16,50.08,50.11,55400,64104,35.77,0.00,0.00
06/12/2023,10:10,50.11,50.13,50.09,50.12,52313,67303,39.72,0.00,0.00
06/12/2023,10:15,50.12,50.15,50.10,50.15,74120,57282,43.14,0.00,0.00
06/12/2023,10:20,50.15,50.20,50.11,50.19,76331,104951,46.02,0.00,0.00
06/12/2023,10:25,50.19,50.23,50.15,50.17,181626,151254,48.38,0.00,0.00
06/12/2023,10:30,50.17,50.18,50.13,50.13,82576,84111,50.27,0.00,0.00
06/12/2023,10:35,50.13,50.15,50.06,50.09,110020,116656,51.72,0.00,0.00
06/12/2023,10:40,50.10,50.21,50.10,50.15,104228,104217,52.79,0.00,0.00
06/12/2023,10:45,50.15,50.15,50.07,50.11,67847,70337,53.54,0.00,0.00
06/12/2023,10:50,50.12,50.12,50.08,50.10,38824,42032,54.03,0.00,0.00
06/12/2023,10:55,50.10,50.16,50.09,50.13,177268,97656,54.29,0.00,0.00
06/12/2023,11:00,50.14,50.21,50.11,50.21,53635,34542,54.38,0.00,0.00
06/12/2023,11:05,50.21,50.24,50.20,50.24,29990,28793,54.35,0.00,0.00
06/12/2023,11:10,50.24,50.31,50.24,50.31,77691,9462,54.21,0.00,0.00
06/12/2023,11:15,50.31,50.35,50.30,50.34,57966,36215,54.02,0.00,0.00
06/12/2023,11:20,50.34,50.34,50.28,50.29,50897,61168,53.77,0.00,0.00
06/12/2023,11:25,50.29,50.31,50.25,50.25,39292,48531,53.50,0.00,0.00
06/12/2023,11:30,50.25,50.34,50.23,50.32,41694,25185,53.22,0.00,0.00
06/12/2023,11:35,50.32,50.33,50.30,50.31,13311,23202,52.94,0.00,0.00
06/12/2023,11:40,50.31,50.33,50.27,50.30,26884,29851,52.66,0.00,0.00
06/12/2023,11:45,50.30,50.33,50.28,50.30,27423,18275,52.39,0.00,0.00
06/12/2023,11:50,50.30,50.31,50.27,50.28,27898,44153,52.14,0.00,0.00
06/12/2023,11:55,50.28,50.28,50.24,50.26,19580,24551,51.91,0.00,0.00
06/12/2023,12:00,50.27,50.28,50.24,50.26,16217,25327,51.69,0.00,0.00
06/12/2023,12:05,50.26,50.29,50.24,50.29,69101,50203,51.50,0.00,0.00
06/12/2023,12:10,50.29,50.29,50.19,50.22,36286,64917,51.32,0.00,0.00
06/12/2023,12:15,50.23,50.25,50.22,50.25,14699,17331,51.16,0.00,0.00
06/12/2023,12:20,50.26,50.27,50.25,50.27,33946,33691,51.02,0.00,0.00
06/12/2023,12:25,50.27,50.27,50.22,50.23,23135,49017,50.90,0.00,0.00
06/12/2023,12:30,50.23,50.27,50.22,50.23,25258,25675,50.79,0.00,0.00
06/12/2023,12:35,50.23,50.29,50.22,50.29,30180,36139,50.70,0.00,0.00
06/12/2023,12:40,50.29,50.29,50.24,50.26,27072,45072,50.62,0.00,0.00
06/12/2023,12:45,50.25,50.27,50.20,50.21,25957,51906,50.55,0.00,0.00
06/12/2023,12:50,50.22,50.28,50.22,50.28,52713,22443,50.49,0.00,0.00
06/12/2023,12:55,50.28,50.28,50.22,50.23,21214,27890,50.44,0.00,0.00
06/12/2023,13:00,50.24,50.26,50.22,50.25,34986,23796,50.40,0.00,0.00
06/12/2023,13:05,50.25,50.27,50.18,50.19,33938,118527,50.36,0.00,0.00
06/12/2023,13:10,50.20,50.20,50.18,50.19,11521,20758,50.33,0.00,0.00
06/12/2023,13:15,50.19,50.21,50.18,50.18,16592,18726,50.31,0.00,0.00
06/12/2023,13:20,50.18,50.19,50.16,50.17,19552,20068,50.28,0.00,0.00
06/12/2023,13:25,50.17,50.19,50.15,50.17,27612,29054,50.26,0.00,0.00
06/12/2023,13:30,50.17,50.17,50.13,50.14,13650,23807,50.24,0.00,0.00
06/12/2023,13:35,50.14,50.16,50.13,50.16,25580,20153,50.22,0.00,0.00
06/12/2023,13:40,50.16,50.18,50.15,50.17,19592,23713,50.21,0.00,0.00
06/12/2023,13:45,50.16,50.19,50.16,50.19,21637,18293,50.19,0.00,0.00
06/12/2023,13:50,50.19,50.24,50.18,50.24,23596,34309,50.18,0.00,0.00
06/12/2023,13:55,50.24,50.26,50.22,50.25,32032,37919,50.18,0.00,0.00
06/12/2023,14:00,50.25,50.28,50.23,50.28,53590,52286,50.18,0.00,0.00
06/12/2023,14:05,50.28,50.34,50.27,50.32,74902,50896,50.18,0.00,0.00
06/12/2023,14:10,50.32,50.36,50.30,50.36,31614,34591,50.19,0.00,0.00
06/12/2023,14:15,50.36,50.40,50.35,50.38,50535,54484,50.21,0.00,0.00
06/12/2023,14:20,50.38,50.42,50.32,50.33,59579,105106,50.22,0.00,0.00
06/12/2023,14:25,50.33,50.37,50.31,50.37,66734,67187,50.24,0.00,0.00
06/12/2023,14:30,50.37,50.39,50.34,50.36,67250,92701,50.26,0.00,0.00
06/12/2023,14:35,50.36,50.42,50.35,50.42,44530,70246,50.28,0.00,0.00
06/12/2023,14:40,50.42,50.44,50.39,50.43,73226,137061,50.30,0.00,0.00
06/12/2023,14:45,50.44,50.47,50.41,50.43,120098,118660,50.32,0.00,0.00
06/12/2023,14:50,50.43,50.47,50.41,50.46,118046,147040,50.34,0.00,0.00
06/12/2023,14:55,50.46,50.49,50.40,50.42,187632,250414,50.35,0.00,0.00
06/12/2023,15:00,50.42,50.51,50.42,50.49,537795,323788,50.37,0.00,0.00
06/13/2023,08:35,50.70,50.84,50.66,50.83,392966,115464,50.40,0.00,0.00
06/13/2023,08:40,50.83,50.94,50.82,50.92,95506,109655,50.43,0.00,0.00
06/13/2023,08:45,50.92,50.93,50.76,50.78,44731,76894,50.48,0.00,0.00
06/13/2023,08:50,50.79,50.82,50.66,50.72,60416,109657,50.52,0.00,0.00
06/13/2023,08:55,50.72,50.76,50.69,50.74,32409,55371,50.56,0.00,0.00
06/13/2023,09:00,50.75,50.79,50.64,50.67,40922,71883,50.60,0.00,0.00
06/13/2023,09:05,50.67,50.69,50.61,50.64,36021,45075,50.63,0.00,0.00
06/13/2023,09:10,50.64,50.67,50.60,50.64,71201,90011,50.66,0.00,0.00
06/13/2023,09:15,50.63,50.69,50.61,50.67,85819,76826,50.68,0.00,0.00
06/13/2023,09:20,50.68,50.68,50.58,50.65,47113,66468,50.69,0.00,0.00
06/13/2023,09:25,50.65,50.74,50.62,50.63,58863,74865,50.70,0.00,0.00
06/13/2023,09:30,50.63,50.66,50.58,50.63,43902,51534,50.71,0.00,0.00
06/13/2023,09:35,50.62,50.63,50.54,50.63,42284,56119,50.71,0.00,0.00
06/13/2023,09:40,50.63,50.65,50.59,50.63,78245,68793,50.70,0.00,0.00
06/13/2023,09:45,50.63,50.63,50.55,50.57,24924,32915,50.70,0.00,0.00
06/13/2023,09:50,50.56,50.58,50.50,50.53,44720,52916,50.69,0.00,0.00
06/13/2023,09:55,50.53,50.53,50.46,50.50,88992,104570,50.68,0.00,0.00
06/13/2023,10:00,50.51,50.52,50.45,50.49,79175,81496,50.66,0.00,0.00
06/13/2023,10:05,50.49,50.59,50.47,50.58,97015,68996,50.64,0.00,0.00
06/13/2023,10:10,50.59,50.69,50.57,50.67,159219,103327,50.63,0.00,0.00
06/13/2023,10:15,50.67,50.76,50.64,50.76,77623,51733,50.62,0.00,0.00
06/13/2023,10:20,50.76,50.81,50.74,50.81,75117,39408,50.62,0.00,0.00
06/13/2023,10:25,50.81,50.83,50.74,50.75,138714,115371,50.63,0.00,0.00
06/13/2023,10:30,50.75,50.75,50.71,50.74,34110,29979,50.64,0.00,0.00
06/13/2023,10:35,50.75,50.76,50.69,50.71,52477,56870,50.65,0.00,0.00
06/13/2023,10:40,50.71,50.72,50.67,50.69,41164,31467,50.66,0.00,0.00
06/13/2023,10:45,50.69,50.74,50.68,50.70,31084,37157,50.67,0.00,0.00
06/13/2023,10:50,50.70,50.71,50.64,50.65,36996,40712,50.68,0.00,0.00
06/13/2023,10:55,50.65,50.66,50.58,50.58,32650,53952,50.69,0.00,0.00
06/13/2023,11:00,50.59,50.65,50.56,50.60,77766,65604,50.69,0.00,0.00
06/13/2023,11:05,50.59,50.62,50.55,50.60,51386,59252,50.68,0.00,0.00
06/13/2023,11:10,50.60,50.63,50.58,50.59,45958,44522,50.68,0.00,0.00
06/13/2023,11:15,50.60,50.62,50.59,50.59,74964,52397,50.67,0.00,0.00
06/13/2023,11:20,50.59,50.62,50.59,50.59,65521,54063,50.66,0.00,0.00
06/13/2023,11:25,50.60,50.61,50.56,50.57,60586,53344,50.65,0.00,0.00
06/13/2023,11:30,50.57,50.60,50.51,50.60,86744,51931,50.64,0.00,0.00
06/13/2023,11:35,50.60,50.65,50.59,50.60,27175,31094,50.63,0.00,0.00
06/13/2023,11:40,50.60,50.62,50.57,50.60,28105,30651,50.62,0.00,0.00
06/13/2023,11:45,50.61,50.66,50.61,50.66,33400,37701,50.61,0.00,0.00
06/13/2023,11:50,50.66,50.67,50.60,50.63,40966,50613,50.61,0.00,0.00
06/13/2023,11:55,50.63,50.68,50.62,50.67,18404,35758,50.61,0.00,0.00
06/13/2023,12:00,50.68,50.73,50.66,50.73,43779,25487,50.61,0.00,0.00
06/13/2023,12:05,50.73,50.75,50.71,50.73,60914,31258,50.62,0.00,0.00
06/13/2023,12:10,50.73,50.75,50.67,50.68,37375,30986,50.63,0.00,0.00
06/13/2023,12:15,50.68,50.70,50.65,50.70,43763,34523,50.64,0.00,0.00
06/13/2023,12:20,50.70,50.70,50.65,50.67,33125,39422,50.65,0.00,0.00
06/13/2023,12:25,50.67,50.70,50.66,50.67,36535,40897,50.65,0.00,0.00
06/13/2023,12:30,50.66,50.70,50.64,50.68,41773,23314,50.66,0.00,0.00
06/13/2023,12:35,50.68,50.73,50.66,50.72,32310,26701,50.67,0.00,0.00
06/13/2023,12:40,50.73,50.77,50.72,50.74,45909,40213,50.67,0.00,0.00
06/13/2023,12:45,50.74,50.78,50.73,50.77,31524,32195,50.68,0.00,0.00
06/13/2023,12:50,50.77,50.77,50.71,50.73,24757,38984,50.69,0.00,0.00
06/13/2023,12:55,50.73,50.74,50.70,50.73,38311,53573,50.70,0.00,0.00
06/13/2023,13:00,50.73,50.74,50.69,50.74,37537,27922,50.71,0.00,0.00
06/13/2023,13:05,50.74,50.75,50.69,50.70,34110,40326,50.71,0.00,0.00
06/13/2023,13:10,50.69,50.72,50.69,50.70,41865,31740,50.72,0.00,0.00
06/13/2023,13:15,50.69,50.70,50.65,50.69,32533,38811,50.72,0.00,0.00
06/13/2023,13:20,50.68,50.72,50.67,50.70,24761,41900,50.72,0.00,0.00
06/13/2023,13:25,50.70,50.71,50.65,50.66,29455,33275,50.72,0.00,0.00
06/13/2023,13:30,50.66,50.68,50.58,50.60,32621,47667,50.72,0.00,0.00
06/13/2023,13:35,50.60,50.61,50.52,50.56,58304,57123,50.71,0.00,0.00
06/13/2023,13:40,50.55,50.56,50.51,50.56,34200,28744,50.70,0.00,0.00
06/13/2023,13:45,50.56,50.56,50.51,50.54,37641,39039,50.68,0.00,0.00
06/13/2023,13:50,50.53,50.55,50.49,50.53,27638,35052,50.67,0.00,0.00
06/13/2023,13:55,50.53,50.57,50.52,50.57,39641,33223,50.65,0.00,0.00
06/13/2023,14:00,50.57,50.58,50.52,50.53,25751,33659,50.63,0.00,0.00
06/13/2023,14:05,50.54,50.59,50.54,50.58,41648,50649,50.62,0.00,0.00
06/13/2023,14:10,50.58,50.62,50.58,50.59,34005,32611,50.60,0.00,0.00
06/13/2023,14:15,50.60,50.62,50.56,50.61,43470,46723,50.59,0.00,0.00
06/13/2023,14:20,50.60,50.63,50.58,50.60,30773,44084,50.58,0.00,0.00
06/13/2023,14:25,50.60,50.63,50.56,50.57,40528,59194,50.58,0.00,0.00
06/13/2023,14:30,50.57,50.62,50.57,50.61,42133,56710,50.57,0.00,0.00
06/13/2023,14:35,50.61,50.63,50.59,50.59,30931,76198,50.57,0.00,0.00
06/13/2023,14:40,50.59,50.61,50.58,50.60,61190,60106,50.57,0.00,0.00
06/13/2023,14:45,50.60,50.68,50.60,50.64,99806,91759,50.57,0.00,0.00
06/13/2023,14:50,50.64,50.70,50.64,50.68,105257,94090,50.58,0.00,0.00
06/13/2023,14:55,50.68,50.73,50.61,50.71,447876,447157,50.59,0.00,0.00
06/13/2023,15:00,50.70,50.84,50.70,50.80,891050,601081,50.60,0.00,0.00
06/14/2023,08:35,50.82,51.19,50.75,51.11,315419,446308,50.62,0.00,0.00
06/14/2023,08:40,51.11,51.11,50.90,51.04,84298,102248,50.65,0.00,0.00
06/14/2023,08:45,51.04,51.15,51.01,51.06,61483,75673,50.69,0.00,0.00
06/14/2023,08:50,51.06,51.17,51.02,51.14,78039,67739,50.74,0.00,0.00
06/14/2023,08:55,51.13,51.20,51.07,51.14,100187,78227,50.79,0.00,0.00
06/14/2023,09:00,51.14,51.15,51.09,51.13,48498,36282,50.84,0.00,0.00
06/14/2023,09:05,51.13,51.22,51.13,51.16,62444,95999,50.90,0.00,0.00
06/14/2023,09:10,51.16,51.16,51.03,51.06,80731,87882,50.94,0.00,0.00
06/14/2023,09:15,51.07,51.09,51.02,51.03,37270,31818,50.99,0.00,0.00
06/14/2023,09:20,51.03,51.06,50.97,51.01,82144,55090,51.02,0.00,0.00
06/14/2023,09:25,51.00,51.04,50.97,50.97,60840,65068,51.04,0.00,0.00
06/14/2023,09:30,50.98,51.01,50.93,50.93,66270,72570,51.06,0.00,0.00
06/14/2023,09:35,50.94,51.03,50.93,51.00,76806,78207,51.07,0.00,0.00
06/14/2023,09:40,51.00,51.07,51.00,51.04,73757,65278,51.07,0.00,0.00
06/14/2023,09:45,51.04,51.06,50.94,50.94,59483,103802,51.07,0.00,0.00
06/14/2023,09:50,50.94,50.99,50.94,50.95,71661,55581,51.07,0.00,0.00
06/14/2023,09:55,50.95,50.97,50.93,50.96,59440,37467,51.06,0.00,0.00
06/14/2023,10:00,50.95,50.96,50.88,50.89,106830,65063,51.05,0.00,0.00
06/14/2023,10:05,50.89,50.91,50.85,50.86,56374,50547,51.03,0.00,0.00
06/14/2023,10:10,50.86,50.88,50.85,50.85,73101,51454,51.02,0.00,0.00
06/14/2023,10:15,50.86,50.91,50.84,50.86,69133,77359,51.00,0.00,0.00
06/14/2023,10:20,50.87,50.90,50.87,50.89,66917,77232,50.98,0.00,0.00
06/14/2023,10:25,50.89,50.96,50.88,50.94,87292,73571,50.96,0.00,0.00
06/14/2023,10:30,50.94,50.99,50.93,50.96,59282,125634,50.95,0.00,0.00
06/14/2023,10:35,50.96,50.97,50.93,50.94,34000,45931,50.94,0.00,0.00
06/14/2023,10:40,50.95,50.99,50.95,50.99,36557,26518,50.93,0.00,0.00
06/14/2023,10:45,50.98,51.10,50.98,51.06,67255,48089,50.93,0.00,0.00
06/14/2023,10:50,51.06,51.13,51.06,51.13,34018,25668,50.94,0.00,0.00
06/14/2023,10:55,51.13,51.15,51.11,51.14,26462,31570,50.95,0.00,0.00
06/14/2023,11:00,51.13,51.14,51.03,51.04,22806,52450,50.96,0.00,0.00
06/14/2023,11:05,51.03,51.08,51.02,51.07,23424,36381,50.98,0.00,0.00
06/14/2023,11:10,51.07,51.09,51.03,51.09,28714,19968,51.00,0.00,0.00
06/14/2023,11:15,51.09,51.10,51.07,51.10,32797,33953,51.01,0.00,0.00
06/14/2023,11:20,51.10,51.13,51.06,51.09,63413,61395,51.03,0.00,0.00
06/14/2023,11:25,51.09,51.10,51.07,51.07,50052,59980,51.04,0.00,0.00
06/14/2023,11:30,51.08,51.11,51.06,51.11,37734,22840,51.05,0.00,0.00
06/14/2023,11:35,51.10,51.11,51.06,51.08,23776,35744,51.06,0.00,0.00
06/14/2023,11:40,51.08,51.09,51.01,51.02,21139,25995,51.07,0.00,0.00
06/14/2023,11:45,51.02,51.04,51.02,51.04,41625,35056,51.08,0.00,0.00
06/14/2023,11:50,51.04,51.06,51.03,51.05,32481,25422,51.08,0.00,0.00
06/14/2023,11:55,51.06,51.09,51.05,51.09,35093,25685,51.08,0.00,0.00
06/14/2023,12:00,51.09,51.09,51.05,51.06,27660,57828,51.08,0.00,0.00
06/14/2023,12:05,51.05,51.06,51.02,51.03,21036,30290,51.08,0.00,0.00
06/14/2023,12:10,51.03,51.03,51.00,51.02,54074,45052,51.08,0.00,0.00
06/14/2023,12:15,51.03,51.03,50.97,51.00,20314,31708,51.07,0.00,0.00
06/14/2023,12:20,51.00,51.00,50.94,50.96,20824,46053,51.07,0.00,0.00
06/14/2023,12:25,50.95,51.00,50.95,51.00,47883,47258,51.06,0.00,0.00
06/14/2023,12:30,51.00,51.00,50.97,50.98,28173,25880,51.05,0.00,0.00
06/14/2023,12:35,50.98,51.04,50.97,51.03,50969,45002,51.04,0.00,0.00
06/14/2023,12:40,51.04,51.04,50.98,51.00,33789,49943,51.03,0.00,0.00
06/14/2023,12:45,51.00,51.00,50.97,50.97,30340,23915,51.03,0.00,0.00
06/14/2023,12:50,50.98,50.99,50.93,50.97,55817,61903,51.02,0.00,0.00
06/14/2023,12:55,50.97,50.98,50.82,50.83,42812,161999,51.01,0.00,0.00
06/14/2023,13:00,50.83,50.88,50.78,50.87,70673,105788,51.00,0.00,0.00
06/14/2023,13:05,50.85,50.85,50.63,50.81,119201,149745,50.98,0.00,0.00
06/14/2023,13:10,50.80,50.81,50.63,50.75,90953,90427,50.96,0.00,0.00
06/14/2023,13:15,50.75,50.78,50.67,50.75,85735,85422,50.94,0.00,0.00
06/14/2023,13:20,50.74,50.76,50.68,50.71,54724,67263,50.91,0.00,0.00
06/14/2023,13:25,50.71,50.75,50.66,50.69,45539,59139,50.88,0.00,0.00
06/14/2023,13:30,50.69,50.72,50.67,50.71,35025,58599,50.85,0.00,0.00
06/14/2023,13:35,50.71,50.81,50.68,50.73,84605,103692,50.83,0.00,0.00
06/14/2023,13:40,50.73,50.88,50.73,50.81,70237,54597,50.80,0.00,0.00
06/14/2023,13:45,50.81,50.91,50.79,50.89,59585,70151,50.79,0.00,0.00
06/14/2023,13:50,50.89,50.96,50.83,50.95,45963,46704,50.78,0.00,0.00
06/14/2023,13:55,50.96,50.99,50.86,50.92,52901,54191,50.78,0.00,0.00
06/14/2023,14:00,50.91,50.94,50.87,50.88,38268,84714,50.78,0.00,0.00
06/14/2023,14:05,50.88,50.93,50.87,50.89,54226,63469,50.79,0.00,0.00
06/14/2023,14:10,50.88,51.06,50.88,51.02,98645,51792,50.80,0.00,0.00
06/14/2023,14:15,51.03,51.03,50.86,50.87,58621,64147,50.82,0.00,0.00
06/14/2023,14:20,50.87,50.90,50.81,50.85,63324,76773,50.83,0.00,0.00
06/14/2023,14:25,50.86,50.95,50.85,50.90,65200,78460,50.84,0.00,0.00
06/14/2023,14:30,50.90,50.94,50.88,50.90,86158,98084,50.85,0.00,0.00
06/14/2023,14:35,50.90,50.92,50.84,50.89,99342,79688,50.86,0.00,0.00
06/14/2023,14:40,50.90,50.93,50.89,50.91,52808,59455,50.87,0.00,0.00
06/14/2023,14:45,50.91,50.92,50.83,50.84,51361,89575,50.88,0.00,0.00
06/14/2023,14:50,50.85,50.87,50.75,50.77,159360,100807,50.88,0.00,0.00
06/14/2023,14:55,50.77,50.87,50.69,50.83,268247,175286,50.88,0.00,0.00
06/14/2023,15:00,50.83,50.97,50.83,50.97,513804,319303,50.88,0.00,0.00
06/15/2023,08:35,50.88,51.10,50.83,51.10,434138,136992,50.88,0.00,0.00
06/15/2023,08:40,51.09,51.14,51.03,51.07,264372,190952,50.89,0.00,0.00
06/15/2023,08:45,51.08,51.28,51.07,51.26,115281,82455,50.91,0.00,0.00
06/15/2023,08:50,51.27,51.33,51.22,51.23,111753,145690,50.94,0.00,0.00
06/15/2023,08:55,51.22,51.30,51.21,51.26,91371,87318,50.97,0.00,0.00
06/15/2023,09:00,51.25,51.28,51.10,51.17,58434,170165,51.00,0.00,0.00
06/15/2023,09:05,51.17,51.20,51.10,51.11,78835,99654,51.04,0.00,0.00
06/15/2023,09:10,51.11,51.26,51.10,51.24,195377,111013,51.07,0.00,0.00
06/15/2023,09:15,51.24,51.27,51.19,51.25,43067,49610,51.10,0.00,0.00
06/15/2023,09:20,51.25,51.25,51.17,51.22,43218,72445,51.13,0.00,0.00
06/15/2023,09:25,51.22,51.24,51.18,51.21,65995,65913,51.15,0.00,0.00
06/15/2023,09:30,51.21,51.33,51.21,51.31,157554,116310,51.17,0.00,0.00
06/15/2023,09:35,51.31,51.33,51.23,51.28,66652,121888,51.20,0.00,0.00
06/15/2023,09:40,51.27,51.32,51.21,51.24,67157,67642,51.22,0.00,0.00
06/15/2023,09:45,51.24,51.29,51.24,51.28,59360,60546,51.23,0.00,0.00
06/15/2023,09:50,51.28,51.44,51.27,51.43,108327,108639,51.25,0.00,0.00
06/15/2023,09:55,51.43,51.43,51.30,51.37,62890,62466,51.27,0.00,0.00
06/15/2023,10:00,51.36,51.44,51.34,51.44,62644,56507,51.29,0.00,0.00
06/15/2023,10:05,51.44,51.48,51.41,51.44,98209,99008,51.31,0.00,0.00
06/15/2023,10:10,51.44,51.49,51.41,51.48,70316,50164,51.33,0.00,0.00
06/15/2023,10:15,51.49,51.49,51.43,51.44,58942,61703,51.36,0.00,0.00
06/15/2023,10:20,51.44,51.51,51.44,51.45,104537,56497,51.38,0.00,0.00
06/15/2023,10:25,51.45,51.51,51.44,51.51,41066,31205,51.40,0.00,0.00
06/15/2023,10:30,51.50,51.54,51.49,51.54,39352,49403,51.42,0.00,0.00
06/15/2023,10:35,51.54,51.55,51.48,51.53,63691,54107,51.44,0.00,0.00
06/15/2023,10:40,51.52,51.65,51.52,51.64,94069,76526,51.46,0.00,0.00
06/15/2023,10:45,51.64,51.69,51.64,51.68,78105,94237,51.49,0.00,0.00
06/15/2023,10:50,51.68,51.70,51.61,51.63,116475,159371,51.51,0.00,0.00
06/15/2023,10:55,51.63,51.66,51.59,51.64,37672,50204,51.54,0.00,0.00
06/15/2023,11:00,51.64,51.65,51.62,51.64,27813,24353,51.56,0.00,0.00
06/15/2023,11:05,51.64,51.69,51.62,51.63,48338,37188,51.58,0.00,0.00
06/15/2023,11:10,51.63,51.68,51.62,51.63,76791,77557,51.60,0.00,0.00
06/15/2023,11:15,51.64,51.65,51.59,51.62,50040,43215,51.62,0.00,0.00
06/15/2023,11:20,51.62,51.63,51.56,51.58,27472,40306,51.63,0.00,0.00
06/15/2023,11:25,51.57,51.62,51.57,51.57,27261,30700,51.63,0.00,0.00
06/15/2023,11:30,51.57,51.60,51.56,51.59,29269,36080,51.64,0.00,0.00
06/15/2023,11:35,51.59,51.60,51.55,51.58,52876,32119,51.64,0.00,0.00
06/15/2023,11:40,51.57,51.60,51.56,51.59,28266,24801,51.64,0.00,0.00
06/15/2023,11:45,51.60,51.64,51.59,51.61,31171,33675,51.64,0.00,0.00
06/15/2023,11:50,51.61,51.61,51.56,51.59,45979,42107,51.64,0.00,0.00
06/15/2023,11:55,51.59,51.61,51.59,51.60,41822,26510,51.63,0.00,0.00
06/15/2023,12:00,51.60,51.61,51.58,51.59,31163,33379,51.63,0.00,0.00
06/15/2023,12:05,51.59,51.61,51.53,51.54,16039,33335,51.62,0.00,0.00
06/15/2023,12:10,51.54,51.55,51.52,51.53,18364,22986,51.62,0.00,0.00
06/15/2023,12:15,51.53,51.54,51.48,51.48,22160,41324,51.61,0.00,0.00
06/15/2023,12:20,51.49,51.54,51.47,51.53,49578,45330,51.60,0.00,0.00
06/15/2023,12:25,51.53,51.59,51.52,51.59,35001,37945,51.59,0.00,0.00
06/15/2023,12:30,51.58,51.60,51.55,51.58,50626,52541,51.58,0.00,0.00
06/15/2023,12:35,51.59,51.63,51.58,51.59,40891,62288,51.58,0.00,0.00
06/15/2023,12:40,51.59,51.60,51.53,51.54,31953,54684,51.57,0.00,0.00
06/15/2023,12:45,51.54,51.60,51.53,51.54,63292,77773,51.57,0.00,0.00
06/15/2023,12:50,51.55,51.60,51.53,51.60,67582,43156,51.57,0.00,0.00
06/15/2023,12:55,51.60,51.62,51.58,51.62,40307,50955,51.57,0.00,0.00
06/15/2023,13:00,51.62,51.64,51.60,51.63,49297,58358,51.57,0.00,0.00
06/15/2023,13:05,51.63,51.67,51.63,51.65,86222,72695,51.57,0.00,0.00
06/15/2023,13:10,51.65,51.65,51.59,51.62,79898,76280,51.58,0.00,0.00
06/15/2023,13:15,51.62,51.64,51.59,51.60,63691,77789,51.58,0.00,0.00
06/15/2023,13:20,51.60,51.65,51.59,51.64,51623,42938,51.59,0.00,0.00
06/15/2023,13:25,51.64,51.68,51.63,51.68,38874,44559,51.60,0.00,0.00
06/15/2023,13:30,51.68,51.75,51.67,51.75,91385,50140,51.61,0.00,0.00
06/15/2023,13:35,51.75,51.80,51.74,51.79,81869,62753,51.62,0.00,0.00
06/15/2023,13:40,51.80,51.87,51.79,51.86,74384,53213,51.64,0.00,0.00
06/15/2023,13:45,51.86,51.87,51.81,51.85,79516,93176,51.66,0.00,0.00
06/15/2023,13:50,51.85,51.90,51.84,51.89,62131,55276,51.68,0.00,0.00
06/15/2023,13:55,51.90,51.97,51.89,51.96,99804,71502,51.71,0.00,0.00
06/15/2023,14:00,51.97,51.99,51.92,51.98,143454,82757,51.74,0.00,0.00
06/15/2023,14:05,51.98,52.00,51.93,51.95,99118,95442,51.78,0.00,0.00
06/15/2023,14:10,51.95,51.99,51.91,51.98,90143,90371,51.81,0.00,0.00
06/15/2023,14:15,51.97,52.01,51.94,52.01,284651,115872,51.84,0.00,0.00
06/15/2023,14:20,52.02,52.07,52.00,52.03,85817,109093,51.87,0.00,0.00
06/15/2023,14:25,52.03,52.03,51.97,52.00,86559,112965,51.90,0.00,0.00
06/15/2023,14:30,52.00,52.03,51.97,52.03,86595,132330,51.93,0.00,0.00
06/15/2023,14:35,52.03,52.07,52.01,52.04,104470,139645,51.95,0.00,0.00
06/15/2023,14:40,52.03,52.04,51.98,52.00,108891,154287,51.98,0.00,0.00
06/15/2023,14:45,52.00,52.04,51.98,52.01,141960,116923,51.99,0.00,0.00
06/15/2023,14:50,52.01,52.05,51.96,52.04,232154,171615,52.01,0.00,0.00
06/15/2023,14:55,52.04,52.06,51.92,51.94,299194,379285,52.02,0.00,0.00
06/15/2023,15:00,51.93,51.93,51.86,51.92,619101,772586,52.03,0.00,0.00
06/16/2023,08:35,52.32,52.41,52.12,52.38,5830753,396422,52.04,0.00,0.00
06/16/2023,08:40,52.38,52.38,52.17,52.25,79620,126962,52.05,0.00,0.00
06/16/2023,08:45,52.25,52.29,52.08,52.10,94610,119624,52.07,0.00,0.00
06/16/2023,08:50,52.10,52.31,52.01,52.22,103035,108324,52.09,0.00,0.00
06/16/2023,08:55,52.22,52.24,52.09,52.17,92975,88127,52.11,0.00,0.00
06/16/2023,09:00,52.16,52.28,52.14,52.27,52510,43424,52.13,0.00,0.00
06/16/2023,09:05,52.27,52.36,52.23,52.29,93672,94233,52.15,0.00,0.00
06/16/2023,09:10,52.30,52.33,52.26,52.32,57078,49196,52.17,0.00,0.00
06/16/2023,09:15,52.32,52.36,52.25,52.29,50606,75812,52.19,0.00,0.00
06/16/2023,09:20,52.29,52.33,52.23,52.23,55596,84911,52.21,0.00,0.00
06/16/2023,09:25,52.22,52.30,52.19,52.29,70516,52240,52.23,0.00,0.00
06/16/2023,09:30,52.29,52.37,52.23,52.36,48870,47330,52.25,0.00,0.00
06/16/2023,09:35,52.36,52.37,52.31,52.32,56905,67841,52.27,0.00,0.00
06/16/2023,09:40,52.33,52.33,52.24,52.29,35943,57786,52.28,0.00,0.00
06/16/2023,09:45,52.29,52.29,52.20,52.20,37058,73637,52.29,0.00,0.00
06/16/2023,09:50,52.21,52.22,52.16,52.20,45765,51812,52.30,0.00,0.00
06/16/2023,09:55,52.20,52.29,52.19,52.29,46142,46918,52.30,0.00,0.00
06/16/2023,10:00,52.29,52.29,52.24,52.26,46307,48323,52.30,0.00,0.00
06/16/2023,10:05,52.26,52.26,52.20,52.23,50314,34312,52.30,0.00,0.00
06/16/2023,10:10,52.23,52.23,52.13,52.21,54524,45527,52.30,0.00,0.00
06/16/2023,10:15,52.21,52.28,52.20,52.28,50456,46189,52.29,0.00,0.00
06/16/2023,10:20,52.28,52.30,52.14,52.16,69203,71970,52.29,0.00,0.00
06/16/2023,10:25,52.17,52.19,52.11,52.15,111091,221166,52.28,0.00,0.00
06/16/2023,10:30,52.15,52.18,52.06,52.12,51920,46041,52.26,0.00,0.00
06/16/2023,10:35,52.12,52.14,52.10,52.12,49446,38105,52.25,0.00,0.00
06/16/2023,10:40,52.12,52.12,52.04,52.06,36873,44967,52.23,0.00,0.00
06/16/2023,10:45,52.06,52.08,52.03,52.06,53912,41449,52.22,0.00,0.00
06/16/2023,10:50,52.06,52.08,52.01,52.03,42680,51534,52.19,0.00,0.00
06/16/2023,10:55,52.04,52.10,52.01,52.10,61569,35807,52.17,0.00,0.00
06/16/2023,11:00,52.10,52.13,52.06,52.08,49630,57945,52.15,0.00,0.00
06/16/2023,11:05,52.08,52.10,52.05,52.10,40299,27326,52.14,0.00,0.00
06/16/2023,11:10,52.10,52.11,52.02,52.02,41226,42432,52.12,0.00,0.00
06/16/2023,11:15,52.02,52.04,51.97,51.98,65733,42473,52.10,0.00,0.00
06/16/2023,11:20,51.98,52.03,51.98,52.03,56320,30848,52.09,0.00,0.00
06/16/2023,11:25,52.03,52.06,52.01,52.04,124389,81148,52.07,0.00,0.00
06/16/2023,11:30,52.04,52.09,52.03,52.06,140881,98642,52.06,0.00,0.00
06/16/2023,11:35,52.06,52.11,52.05,52.10,108795,61572,52.05,0.00,0.00
06/16/2023,11:40,52.10,52.10,52.04,52.05,79186,78431,52.05,0.00,0.00
06/16/2023,11:45,52.04,52.05,52.03,52.05,142116,44485,52.04,0.00,0.00
06/16/2023,11:50,52.04,52.10,52.03,52.08,130932,36766,52.04,0.00,0.00
06/16/2023,11:55,52.09,52.15,52.08,52.14,70475,52043,52.04,0.00,0.00
06/16/2023,12:00,52.14,52.15,52.12,52.13,30488,24695,52.04,0.00,0.00
06/16/2023,12:05,52.13,52.14,52.08,52.08,20711,43004,52.05,0.00,0.00
06/16/2023,12:10,52.09,52.10,52.05,52.06,35977,38361,52.05,0.00,0.00
06/16/2023,12:15,52.06,52.08,52.01,52.07,28852,37887,52.06,0.00,0.00
06/16/2023,12:20,52.08,52.12,52.07,52.10,21104,33289,52.06,0.00,0.00
06/16/2023,12:25,52.09,52.14,52.08,52.14,36016,15809,52.07,0.00,0.00
06/16/2023,12:30,52.14,52.15,52.09,52.10,36643,78680,52.07,0.00,0.00
06/16/2023,12:35,52.09,52.11,52.07,52.08,19691,40522,52.08,0.00,0.00
06/16/2023,12:40,52.08,52.11,52.07,52.10,65153,41142,52.08,0.00,0.00
06/16/2023,12:45,52.10,52.10,52.05,52.09,20672,20980,52.08,0.00,0.00
06/16/2023,12:50,52.08,52.10,52.05,52.07,39765,53941,52.09,0.00,0.00
06/16/2023,12:55,52.07,52.16,52.06,52.15,55387,14394,52.09,0.00,0.00
06/16/2023,13:00,52.16,52.16,52.10,52.13,30908,55020,52.09,0.00,0.00
06/16/2023,13:05,52.12,52.15,52.10,52.13,31986,38722,52.10,0.00,0.00
06/16/2023,13:10,52.13,52.13,52.08,52.11,36642,59536,52.10,0.00,0.00
06/16/2023,13:15,52.11,52.12,52.07,52.08,26422,35990,52.10,0.00,0.00
06/16/2023,13:20,52.09,52.09,52.07,52.07,21554,32846,52.11,0.00,0.00
06/16/2023,13:25,52.08,52.09,52.05,52.08,20078,38038,52.11,0.00,0.00
06/16/2023,13:30,52.07,52.12,52.07,52.12,39797,36823,52.10,0.00,0.00
06/16/2023,13:35,52.12,52.12,52.05,52.08,63040,44945,52.10,0.00,0.00
06/16/2023,13:40,52.08,52.12,52.06,52.11,34675,36731,52.10,0.00,0.00
06/16/2023,13:45,52.11,52.11,52.07,52.07,19927,29592,52.10,0.00,0.00
06/16/2023,13:50,52.08,52.08,52.01,52.02,41151,103957,52.10,0.00,0.00
06/16/2023,13:55,52.03,52.08,52.02,52.04,44818,37520,52.09,0.00,0.00
06/16/2023,14:00,52.04,52.05,52.00,52.00,40763,42653,52.09,0.00,0.00
06/16/2023,14:05,52.01,52.02,51.96,52.02,64889,58964,52.08,0.00,0.00
06/16/2023,14:10,52.02,52.03,51.97,52.01,50338,54126,52.07,0.00,0.00
06/16/2023,14:15,52.01,52.03,51.96,51.97,76153,76027,52.06,0.00,0.00
06/16/2023,14:20,51.97,52.00,51.95,51.96,79586,92157,52.05,0.00,0.00
06/16/2023,14:25,51.96,52.00,51.95,51.97,87552,67272,52.04,0.00,0.00
06/16/2023,14:30,51.97,51.98,51.94,51.94,64133,90224,52.03,0.00,0.00
06/16/2023,14:35,51.94,52.00,51.93,51.97,109304,84640,52.01,0.00,0.00
06/16/2023,14:40,51.98,52.05,51.97,52.03,84019,62738,52.01,0.00,0.00
06/16/2023,14:45,52.03,52.05,51.96,51.97,65219,70326,52.00,0.00,0.00
06/16/2023,14:50,51.97,52.01,51.96,51.99,157196,103495,51.99,0.00,0.00
06/16/2023,14:55,51.98,52.04,51.94,51.97,395545,334809,51.98,0.00,0.00
06/16/2023,15:00,51.97,52.09,51.97,52.07,980003,710871,51.98,0.00,0.00
06/20/2023,08:35,51.91,52.08,51.89,52.08,201106,672640,51.98,0.00,0.00
06/20/2023,08:40,52.07,52.08,51.93,51.96,89305,127032,51.98,0.00,0.00
06/20/2023,08:45,51.96,51.99,51.88,51.96,89830,137786,51.99,0.00,0.00
06/20/2023,08:50,51.96,52.03,51.90,51.96,72508,69038,51.99,0.00,0.00
06/20/2023,08:55,51.98,52.00,51.88,51.93,59311,80735,51.98,0.00,0.00
06/20/2023,09:00,51.93,51.99,51.84,51.96,61114,66670,51.98,0.00,0.00
06/20/2023,09:05,51.97,52.00,51.80,51.82,69994,118847,51.98,0.00,0.00
06/20/2023,09:10,51.83,51.91,51.79,51.90,68941,105722,51.97,0.00,0.00
06/20/2023,09:15,51.90,51.95,51.79,51.80,99924,95343,51.96,0.00,0.00
06/20/2023,09:20,51.81,51.83,51.76,51.77,64343,76168,51.94,0.00,0.00
06/20/2023,09:25,51.77,51.78,51.65,51.66,70332,57893,51.92,0.00,0.00
06/20/2023,09:30,51.66,51.68,51.60,51.67,74815,47728,51.89,0.00,0.00
06/20/2023,09:35,51.67,51.71,51.63,51.68,75300,69565,51.87,0.00,0.00
06/20/2023,09:40,51.67,51.68,51.60,51.62,55899,51464,51.84,0.00,0.00
06/20/2023,09:45,51.62,51.66,51.59,51.60,68537,53219,51.81,0.00,0.00
06/20/2023,09:50,51.60,51.68,51.60,51.63,57833,45902,51.77,0.00,0.00
06/20/2023,09:55,51.63,51.65,51.55,51.59,54143,78055,51.74,0.00,0.00
06/20/2023,10:00,51.59,51.59,51.49,51.51,73755,107583,51.71,0.00,0.00
06/20/2023,10:05,51.51,51.63,51.50,51.60,123741,88665,51.68,0.00,0.00
06/20/2023,10:10,51.60,51.66,51.59,51.60,28417,32297,51.66,0.00,0.00
06/20/2023,10:15,51.60,51.60,51.49,51.49,41542,50887,51.63,0.00,0.00
06/20/2023,10:20,51.50,51.51,51.48,51.49,44846,33739,51.61,0.00,0.00
06/20/2023,10:25,51.49,51.54,51.47,51.51,62217,46224,51.58,0.00,0.00
06/20/2023,10:30,51.51,51.59,51.51,51.53,57255,38127,51.56,0.00,0.00
06/20/2023,10:35,51.54,51.56,51.48,51.51,52435,49963,51.55,0.00,0.00
06/20/2023,10:40,51.51,51.58,51.51,51.58,33654,22115,51.53,0.00,0.00
06/20/2023,10:45,51.58,51.58,51.49,51.50,33913,55769,51.52,0.00,0.00
06/20/2023,10:50,51.51,51.58,51.50,51.58,44498,42599,51.51,0.00,0.00
06/20/2023,10:55,51.57,51.58,51.54,51.56,31846,54962,51.51,0.00,0.00
06/20/2023,11:00,51.56,51.59,51.50,51.51,43037,57646,51.51,0.00,0.00
06/20/2023,11:05,51.51,51.55,51.49,51.52,38916,68837,51.51,0.00,0.00
06/20/2023,11:10,51.52,51.58,51.52,51.57,46050,31742,51.51,0.00,0.00
06/20/2023,11:15,51.57,51.61,51.57,51.57,42727,23942,51.51,0.00,0.00
06/20/2023,11:20,51.58,51.62,51.58,51.58,71856,51775,51.51,0.00,0.00
06/20/2023,11:25,51.58,51.65,51.58,51.63,59667,50532,51.52,0.00,0.00
06/20/2023,11:30,51.63,51.71,51.63,51.69,74332,184948,51.53,0.00,0.00
06/20/2023,11:35,51.69,51.70,51.65,51.66,45122,66391,51.54,0.00,0.00
06/20/2023,11:40,51.66,51.73,51.66,51.71,44562,29615,51.55,0.00,0.00
06/20/2023,11:45,51.71,51.75,51.70,51.73,33566,37960,51.57,0.00,0.00
06/20/2023,11:50,51.73,51.75,51.69,51.69,36515,46967,51.59,0.00,0.00
06/20/2023,11:55,51.70,51.72,51.65,51.66,29494,50107,51.61,0.00,0.00
06/20/2023,12:00,51.67,51.68,51.64,51.68,20359,25748,51.62,0.00,0.00
06/20/2023,12:05,51.68,51.69,51.64,51.69,26747,31171,51.64,0.00,0.00
06/20/2023,12:10,51.68,51.80,51.64,51.79,168791,87890,51.65,0.00,0.00
06/20/2023,12:15,51.79,51.83,51.77,51.78,89742,56162,51.67,0.00,0.00
06/20/2023,12:20,51.78,51.83,51.78,51.83,103868,58202,51.68,0.00,0.00
06/20/2023,12:25,51.83,51.88,51.82,51.87,104896,94410,51.70,0.00,0.00
06/20/2023,12:30,51.87,51.87,51.79,51.83,49833,37288,51.72,0.00,0.00
06/20/2023,12:35,51.83,51.85,51.80,51.81,31161,32517,51.74,0.00,0.00
06/20/2023,12:40,51.82,51.85,51.73,51.73,36368,44665,51.76,0.00,0.00
06/20/2023,12:45,51.74,51.76,51.73,51.75,28661,26657,51.77,0.00,0.00
06/20/2023,12:50,51.74,51.75,51.71,51.72,36240,43640,51.78,0.00,0.00
06/20/2023,12:55,51.71,51.73,51.68,51.68,43623,44856,51.78,0.00,0.00
06/20/2023,13:00,51.68,51.69,51.61,51.64,32009,41897,51.78,0.00,0.00
06/20/2023,13:05,51.63,51.66,51.62,51.64,33765,44899,51.77,0.00,0.00
06/20/2023,13:10,51.64,51.65,51.57,51.64,87541,58484,51.76,0.00,0.00
06/20/2023,13:15,51.63,51.68,51.61,51.66,88394,52743,51.75,0.00,0.00
06/20/2023,13:20,51.66,51.66,51.61,51.63,41190,45743,51.74,0.00,0.00
06/20/2023,13:25,51.63,51.64,51.57,51.59,69482,79850,51.72,0.00,0.00
06/20/2023,13:30,51.60,51.68,51.60,51.67,53677,36145,51.71,0.00,0.00
06/20/2023,13:35,51.68,51.68,51.63,51.63,33328,59173,51.69,0.00,0.00
06/20/2023,13:40,51.64,51.65,51.58,51.62,43062,29583,51.68,0.00,0.00
06/20/2023,13:45,51.62,51.62,51.57,51.59,39948,32820,51.67,0.00,0.00
06/20/2023,13:50,51.59,51.63,51.57,51.60,32831,30520,51.66,0.00,0.00
06/20/2023,13:55,51.61,51.64,51.58,51.59,23512,34288,51.65,0.00,0.00
06/20/2023,14:00,51.60,51.61,51.58,51.59,33517,47531,51.63,0.00,0.00
06/20/2023,14:05,51.60,51.62,51.56,51.58,30304,36752,51.62,0.00,0.00
06/20/2023,14:10,51.57,51.60,51.56,51.60,41550,38340,51.62,0.00,0.00
06/20/2023,14:15,51.60,51.61,51.56,51.61,71634,56347,51.61,0.00,0.00
06/20/2023,14:20,51.60,51.61,51.55,51.56,25772,49476,51.60,0.00,0.00
06/20/2023,14:25,51.56,51.58,51.54,51.56,50460,58730,51.60,0.00,0.00
06/20/2023,14:30,51.56,51.57,51.53,51.56,45093,53618,51.59,0.00,0.00
06/20/2023,14:35,51.55,51.57,51.51,51.52,39672,71057,51.58,0.00,0.00
06/20/2023,14:40,51.52,51.60,51.51,51.59,72359,43474,51.58,0.00,0.00
06/20/2023,14:45,51.60,51.65,51.57,51.64,107236,125473,51.57,0.00,0.00
06/20/2023,14:50,51.64,51.66,51.62,51.65,87427,108774,51.57,0.00,0.00
06/20/2023,14:55,51.64,51.72,51.58,51.60,268275,302086,51.57,0.00,0.00
06/20/2023,15:00,51.60,51.60,51.55,51.57,624027,539611,51.57,0.00,0.00
06/21/2023,08:35,51.40,51.40,51.28,51.29,326810,103973,51.57,0.00,0.00
06/21/2023,08:40,51.28,51.29,51.12,51.17,49759,79967,51.56,0.00,0.00
06/21/2023,08:45,51.17,51.21,51.05,51.09,117523,99703,51.53,0.00,0.00
06/21/2023,08:50,51.08,51.19,51.08,51.17,69650,70746,51.49,0.00,0.00
06/21/2023,08:55,51.17,51.22,51.17,51.22,27575,31399,51.45,0.00,0.00
06/21/2023,09:00,51.21,51.26,51.18,51.21,44426,48129,51.41,0.00,0.00
06/21/2023,09:05,51.21,51.23,51.15,51.16,36177,45410,51.37,0.00,0.00
06/21/2023,09:10,51.16,51.19,50.99,51.01,93494,104308,51.33,0.00,0.00
06/21/2023,09:15,51.02,51.09,51.02,51.08,121905,88459,51.29,0.00,0.00
06/21/2023,09:20,51.07,51.11,51.05,51.09,100788,83587,51.25,0.00,0.00
06/21/2023,09:25,51.10,51.10,51.01,51.05,58367,62297,51.21,0.00,0.00
06/21/2023,09:30,51.05,51.08,51.00,51.06,66187,59288,51.17,0.00,0.00
06/21/2023,09:35,51.06,51.08,51.00,51.05,60028,65625,51.14,0.00,0.00
06/21/2023,09:40,51.04,51.06,50.95,51.04,84150,72706,51.11,0.00,0.00
06/21/2023,09:45,51.04,51.09,51.03,51.05,33568,41779,51.09,0.00,0.00
06/21/2023,09:50,51.05,51.07,51.01,51.04,34919,39514,51.07,0.00,0.00
06/21/2023,09:55,51.04,51.05,50.94,50.97,67130,67737,51.05,0.00,0.00
06/21/2023,10:00,50.96,51.13,50.95,51.12,77993,57221,51.04,0.00,0.00
06/21/2023,10:05,51.13,51.16,51.10,51.12,68822,58308,51.03,0.00,0.00
06/21/2023,10:10,51.13,51.14,51.04,51.07,55687,78464,51.02,0.00,0.00
06/21/2023,10:15,51.07,51.08,51.00,51.04,95277,142040,51.02,0.00,0.00
06/21/2023,10:20,51.04,51.08,51.04,51.08,30138,45226,51.02,0.00,0.00
