"Date","Time","Open","High","Low","Close","Vol","OI"
06/21/2019,15:00,294.13,295.52,293.76,294.00,83309466,0
06/24/2019,15:00,294.23,294.58,293.47,293.64,47582730,0
06/25/2019,15:00,293.70,293.73,290.64,290.76,82028656,0
06/26/2019,15:00,291.74,292.31,290.35,290.47,51584902,0
06/27/2019,15:00,291.31,292.06,290.89,291.50,40355239,0
06/28/2019,15:00,292.58,293.55,292.01,293.00,59350929,0
07/01/2019,15:00,296.68,296.92,294.33,295.66,79107474,0
07/02/2019,15:00,295.61,296.49,294.68,296.43,61504544,0
07/03/2019,15:00,297.18,298.82,297.02,298.80,40898896,0
07/05/2019,15:00,297.44,298.64,296.01,298.46,51677326,0
07/08/2019,15:00,297.01,297.35,296.22,296.82,45841772,0
07/09/2019,15:00,295.54,297.52,295.48,297.19,41101279,0
07/10/2019,15:00,298.37,299.66,297.78,298.61,58595558,0
07/11/2019,15:00,299.32,299.58,298.20,299.31,50889481,0
07/12/2019,15:00,299.87,300.73,299.51,300.65,40354410,0
07/15/2019,15:00,301.13,301.13,300.19,300.75,33910261,0
07/16/2019,15:00,300.65,300.88,299.44,299.71,40567964,0
07/17/2019,15:00,299.75,299.93,297.74,297.74,44102443,0
07/18/2019,15:00,297.19,299.25,296.70,298.83,51701687,0
07/19/2019,15:00,300.04,300.07,296.96,297.17,71081238,0
07/22/2019,15:00,297.61,298.50,297.04,297.90,43687404,0
07/23/2019,15:00,299.14,300.03,298.22,300.03,44657973,0
07/24/2019,15:00,299.19,301.44,299.09,301.44,47213242,0
07/25/2019,15:00,300.94,301.00,299.11,300.00,55394092,0
07/26/2019,15:00,300.76,302.23,300.62,302.01,45084077,0
07/29/2019,15:00,301.88,301.93,300.85,301.46,38126462,0
07/30/2019,15:00,299.91,301.17,299.49,300.72,45849045,0
07/31/2019,15:00,300.99,301.20,295.20,297.43,104245162,0
08/01/2019,15:00,297.60,300.87,293.96,294.84,142646576,0
08/02/2019,15:00,293.85,294.12,290.90,292.62,116749695,0
08/05/2019,15:00,288.09,288.21,281.72,283.82,178745449,0
08/06/2019,15:00,285.91,288.04,284.28,287.80,120711682,0
08/07/2019,15:00,284.40,288.82,282.04,287.97,140572265,0
08/08/2019,15:00,289.62,293.62,289.01,293.62,87713904,0
08/09/2019,15:00,292.58,293.24,289.65,291.62,93729958,0
08/12/2019,15:00,289.96,290.57,287.02,288.12,71053097,0
08/13/2019,15:00,287.74,294.15,287.36,292.55,94792972,0
08/14/2019,15:00,288.07,288.74,283.76,283.90,135622053,0
08/15/2019,15:00,284.88,285.64,282.39,284.65,101929845,0
08/16/2019,15:00,286.48,289.33,284.71,288.85,85825286,0
08/19/2019,15:00,292.19,293.08,291.44,292.33,53640153,0
08/20/2019,15:00,291.77,292.36,289.95,290.09,51652752,0
08/21/2019,15:00,292.48,292.86,291.72,292.45,49723430,0
08/22/2019,15:00,293.23,293.93,290.40,292.36,51739292,0
08/23/2019,15:00,290.92,292.76,283.47,284.85,149318151,0
08/26/2019,15:00,287.27,288.00,285.58,288.00,72621298,0
08/27/2019,15:00,289.54,289.95,286.03,286.87,68262998,0
08/28/2019,15:00,286.14,289.07,285.25,288.89,59852324,0
08/29/2019,15:00,291.72,293.16,290.61,292.58,57998913,0
08/30/2019,15:00,294.22,294.24,291.42,292.45,62961780,0
09/03/2019,15:00,290.57,291.58,289.27,290.74,69234260,0
09/04/2019,15:00,293.14,294.06,292.31,294.04,47003957,0
09/05/2019,15:00,296.79,298.83,296.64,297.82,83356779,0
09/06/2019,15:00,298.17,298.76,297.42,298.05,49584290,0
09/09/2019,15:00,299.14,299.24,297.16,298.20,51260290,0
09/10/2019,15:00,297.36,298.20,295.97,298.13,57947101,0
09/11/2019,15:00,298.47,300.34,297.75,300.25,68821066,0
09/12/2019,15:00,301.25,302.46,300.41,301.29,72908745,0
09/13/2019,15:00,301.78,302.17,300.68,301.09,62104838,0
09/16/2019,15:00,299.84,301.14,299.45,300.16,58191175,0
09/17/2019,15:00,299.94,301.02,299.75,300.92,42904427,0
09/18/2019,15:00,300.49,301.22,298.24,301.10,74192091,0
09/19/2019,15:00,301.53,302.63,300.71,301.08,78099215,0
09/20/2019,15:00,300.36,300.67,297.41,298.28,97455979,0
09/23/2019,15:00,297.55,299.00,297.27,298.21,47541321,0
09/24/2019,15:00,299.41,299.84,294.81,295.87,97367568,0
09/25/2019,15:00,295.96,298.11,294.33,297.62,73434081,0
09/26/2019,15:00,297.63,297.86,295.45,297.00,58722357,0
09/27/2019,15:00,297.83,297.95,293.69,295.40,84781110,0
09/30/2019,15:00,295.97,297.55,295.92,296.77,52562761,0
10/01/2019,15:00,297.74,298.46,293.00,293.24,89900420,0
10/02/2019,15:00,291.50,291.51,286.64,288.06,124523974,0
10/03/2019,15:00,287.81,290.45,284.82,290.42,85906799,0
10/04/2019,15:00,291.14,294.63,290.82,294.35,66684383,0
10/07/2019,15:00,293.47,295.26,292.77,293.08,60656561,0
10/08/2019,15:00,291.04,291.85,288.49,288.53,101575470,0
10/09/2019,15:00,290.75,292.30,290.06,291.27,65707329,0
10/10/2019,15:00,291.18,294.21,291.00,293.24,57255974,0
10/11/2019,15:00,296.27,298.74,296.14,296.28,101228577,0
10/14/2019,15:00,295.93,296.67,295.57,295.95,40546668,0
10/15/2019,15:00,297.10,299.70,296.97,298.88,47832356,0
10/16/2019,15:00,298.37,299.16,297.92,298.40,50563596,0
10/17/2019,15:00,299.68,300.24,298.52,299.28,46784885,0
10/18/2019,15:00,298.69,299.40,296.99,297.97,64338028,0
10/21/2019,15:00,299.42,300.21,298.94,299.99,39460901,0
10/22/2019,15:00,300.58,300.90,298.91,299.01,49126038,0
10/23/2019,15:00,298.73,299.94,298.50,299.88,34991829,0
10/24/2019,15:00,300.91,301.07,299.46,300.37,35857459,0
10/25/2019,15:00,299.74,302.20,299.68,301.60,45205412,0
10/28/2019,15:00,302.94,303.85,302.91,303.30,42146965,0
10/29/2019,15:00,303.00,304.23,302.86,303.21,44284921,0
10/30/2019,15:00,303.43,304.55,301.99,304.14,49643928,0
10/31/2019,15:00,304.13,304.13,301.73,303.33,69053791,0
11/01/2019,15:00,304.92,306.19,304.74,306.14,71141515,0
11/04/2019,15:00,307.85,308.00,306.96,307.37,60606916,0
11/05/2019,15:00,307.59,307.92,306.71,307.03,42933219,0
11/06/2019,15:00,307.03,307.40,306.06,307.10,46487108,0
11/07/2019,15:00,308.57,309.65,307.66,308.18,54272274,0
11/08/2019,15:00,307.80,309.00,307.03,308.94,49068797,0
11/11/2019,15:00,307.42,308.54,307.27,308.35,35934909,0
11/12/2019,15:00,308.75,309.99,308.15,309.00,46484624,0
11/13/2019,15:00,307.91,309.54,307.66,309.10,54459018,0
11/14/2019,15:00,308.79,309.64,308.09,309.55,52001874,0
11/15/2019,15:00,311.02,311.84,310.26,311.79,62706192,0
11/18/2019,15:00,311.53,312.28,311.03,312.02,49327980,0
11/19/2019,15:00,312.68,312.69,311.22,311.93,67927818,0
11/20/2019,15:00,311.28,311.85,309.06,310.77,79696276,0
11/21/2019,15:00,310.89,311.01,309.39,310.27,54664690,0
11/22/2019,15:00,311.09,311.24,309.85,310.96,44850228,0
11/25/2019,15:00,311.98,313.37,311.98,313.37,48762676,0
11/26/2019,15:00,313.41,314.28,313.06,314.08,37727953,0
11/27/2019,15:00,314.61,315.48,314.37,315.48,44793179,0
11/29/2019,15:00,314.86,315.13,314.06,314.31,36592740,0
12/02/2019,15:00,314.59,314.66,311.17,311.64,76110027,0
12/03/2019,15:00,308.65,309.64,307.13,309.55,75172709,0
12/04/2019,15:00,310.70,312.12,310.32,311.46,49190402,0
12/05/2019,15:00,312.23,312.25,310.58,312.02,40781669,0
12/06/2019,15:00,314.12,315.31,314.11,314.87,48956767,0
12/09/2019,15:00,314.44,315.18,313.80,313.88,34904315,0
12/10/2019,15:00,313.82,314.55,312.81,313.53,53107133,0
12/11/2019,15:00,314.03,314.70,313.44,314.42,53521450,0
12/12/2019,15:00,314.43,317.99,314.17,317.13,96585802,0
12/13/2019,15:00,316.87,318.67,316.02,317.32,81546487,0
12/16/2019,15:00,319.22,320.15,319.17,319.50,82836128,0
12/17/2019,15:00,319.92,320.25,319.48,319.57,61131769,0
12/18/2019,15:00,320.00,320.25,319.53,319.59,48199955,0
12/19/2019,15:00,319.80,320.98,319.52,320.90,85388424,0
12/20/2019,15:00,320.46,321.45,320.37,320.73,149338215,0
12/23/2019,15:00,321.59,321.65,321.06,321.22,53015641,0
12/24/2019,15:00,321.47,321.52,320.90,321.23,20270007,0
12/26/2019,15:00,321.65,322.95,321.64,322.94,31024188,0
12/27/2019,15:00,323.74,323.80,322.28,322.86,42554820,0
12/30/2019,15:00,322.95,323.10,320.55,321.08,49782730,0
12/31/2019,15:00,320.53,322.13,320.15,321.86,58001286,0
01/02/2020,15:00,323.54,324.89,322.53,324.87,59253833,0
01/03/2020,15:00,321.16,323.64,321.10,322.41,77783121,0
01/06/2020,15:00,320.49,323.73,320.36,323.64,55761948,0
01/07/2020,15:00,323.02,323.54,322.24,322.73,42854811,0
01/08/2020,15:00,322.94,325.78,322.67,324.45,68434153,0
01/09/2020,15:00,326.16,326.73,325.52,326.65,48569601,0
01/10/2020,15:00,327.29,327.46,325.20,325.71,53057389,0
01/13/2020,15:00,326.39,327.96,325.92,327.95,47262010,0
01/14/2020,15:00,327.47,328.62,326.84,327.45,63036384,0
01/15/2020,15:00,327.35,329.02,327.26,328.19,72056598,0
01/16/2020,15:00,329.70,330.92,329.45,330.92,54050328,0
01/17/2020,15:00,331.70,332.18,330.85,331.95,95846017,0
01/21/2020,15:00,330.90,332.18,330.82,331.30,77742415,0
01/22/2020,15:00,332.24,332.95,331.17,331.34,48914899,0
01/23/2020,15:00,330.63,332.17,329.41,331.72,51962994,0
01/24/2020,15:00,332.44,332.53,327.36,328.77,87578442,0
01/27/2020,15:00,323.03,325.12,322.66,323.50,84062463,0
01/28/2020,15:00,325.06,327.85,323.60,326.89,63833953,0
01/29/2020,15:00,328.38,328.63,326.40,326.62,54040889,0
01/30/2020,15:00,324.36,327.91,323.54,327.68,75491844,0
01/31/2020,15:00,327.00,327.17,320.73,321.73,113845576,0
02/03/2020,15:00,323.35,326.16,323.22,324.12,69242293,0
02/04/2020,15:00,328.07,330.01,327.72,329.06,62573190,0
02/05/2020,15:00,332.27,333.09,330.67,332.86,65951146,0
02/06/2020,15:00,333.91,334.19,332.80,333.98,50359688,0
02/07/2020,15:00,332.82,333.62,331.60,332.20,64139443,0
02/10/2020,15:00,331.23,334.75,331.19,334.68,42070006,0
02/11/2020,15:00,336.16,337.02,334.68,335.26,54864533,0
02/12/2020,15:00,336.83,337.65,336.43,337.42,43992662,0
02/13/2020,15:00,335.86,338.12,335.56,337.06,54501922,0
02/14/2020,15:00,337.51,337.73,336.20,337.60,64582210,0
02/18/2020,15:00,336.51,337.67,335.21,336.73,57342526,0
02/19/2020,15:00,337.79,339.08,337.48,338.34,48814692,0
02/20/2020,15:00,337.74,338.64,333.68,336.95,74163362,0
02/21/2020,15:00,335.47,335.81,332.58,333.48,113788208,0
02/24/2020,15:00,323.14,325.85,321.24,322.42,161088409,0
02/25/2020,15:00,323.94,324.61,311.69,312.65,218913168,0
02/26/2020,15:00,314.18,318.11,310.70,311.50,194773819,0
02/27/2020,15:00,305.46,311.56,297.51,297.51,284353459,0
02/28/2020,15:00,288.70,297.89,285.54,296.26,385764020,0
03/02/2020,15:00,298.21,309.16,294.46,309.09,238703625,0
03/03/2020,15:00,309.50,313.84,297.57,300.24,300139149,0
03/04/2020,15:00,306.12,313.10,303.33,312.86,176613448,0
03/05/2020,15:00,304.98,308.47,300.01,302.46,186366809,0
03/06/2020,15:00,293.15,298.78,290.23,297.46,228594304,0
03/09/2020,15:00,275.30,284.19,273.45,274.23,309417349,0
03/10/2020,15:00,284.64,288.52,273.50,288.42,276444058,0
03/11/2020,15:00,280.70,281.94,270.88,274.36,256416563,0
03/12/2020,15:00,256.00,266.66,247.68,248.11,392220669,0
03/13/2020,15:00,263.09,271.48,248.52,269.32,329566100,0
03/16/2020,15:00,241.18,256.90,237.36,239.85,297240027,0
03/17/2020,15:00,245.04,256.17,237.07,252.80,262070471,0
03/18/2020,15:00,236.25,248.37,228.02,240.00,327597131,0
03/19/2020,15:00,239.25,247.38,232.22,240.51,289322037,0
03/20/2020,15:00,242.53,244.47,228.50,228.80,347158794,0
03/23/2020,15:00,228.19,229.68,218.26,222.95,326025169,0
03/24/2020,15:00,234.42,244.10,233.80,243.15,235494475,0
03/25/2020,15:00,244.87,256.35,239.75,246.79,299430255,0
03/26/2020,15:00,249.52,262.80,249.05,261.20,257632816,0
03/27/2020,15:00,253.27,260.81,251.05,253.42,224341217,0
03/30/2020,15:00,255.70,262.43,253.53,261.65,170961866,0
03/31/2020,15:00,260.56,263.33,256.22,257.75,194881060,0
04/01/2020,15:00,247.98,251.44,243.90,246.15,189554623,0
04/02/2020,15:00,245.19,252.68,244.59,251.83,177660430,0
04/03/2020,15:00,250.76,253.32,245.22,248.19,135561171,0
04/06/2020,15:00,257.84,267.00,256.73,264.86,188061238,0
04/07/2020,15:00,274.21,275.03,264.89,265.13,201427189,0
04/08/2020,15:00,267.96,276.00,265.25,274.03,153774487,0
04/09/2020,15:00,277.58,281.20,275.47,278.20,190282705,0
04/13/2020,15:00,277.14,277.51,271.41,275.66,114839053,0
04/14/2020,15:00,280.98,284.90,279.91,283.79,134143350,0
04/15/2020,15:00,277.57,279.59,275.46,277.76,121775006,0
04/16/2020,15:00,279.15,280.03,275.76,279.10,131798325,0
04/17/2020,15:00,285.38,287.30,282.40,286.64,146684784,0
04/20/2020,15:00,282.61,286.79,281.35,281.59,100109285,0
04/21/2020,15:00,276.73,278.04,272.02,273.04,126385698,0
04/22/2020,15:00,278.35,281.00,276.91,279.10,93524584,0
04/23/2020,15:00,280.49,283.94,278.75,279.08,104709693,0
04/24/2020,15:00,280.73,283.70,278.50,282.97,85165953,0
04/27/2020,15:00,285.12,288.27,284.62,287.05,77896608,0
04/28/2020,15:00,291.02,291.40,285.40,285.73,105269985,0
04/29/2020,15:00,291.53,294.88,290.41,293.21,118745579,0
04/30/2020,15:00,291.71,293.32,288.59,290.48,122901701,0
05/01/2020,15:00,285.31,286.04,281.52,282.79,125180028,0
05/04/2020,15:00,280.74,283.90,279.13,283.57,80873213,0
05/05/2020,15:00,286.64,289.25,283.71,286.19,79569938,0
05/06/2020,15:00,288.04,288.46,283.78,284.25,73632628,0
05/07/2020,15:00,287.75,289.78,287.13,287.68,75250412,0
05/08/2020,15:00,291.09,292.95,289.86,292.44,76622128,0
05/11/2020,15:00,290.34,294.00,289.88,292.50,79514231,0
05/12/2020,15:00,293.79,294.24,286.52,286.67,95870786,0
05/13/2020,15:00,286.06,287.19,278.97,281.60,144721099,0
05/14/2020,15:00,278.95,285.11,276.37,284.97,121977890,0
05/15/2020,15:00,282.37,286.33,281.34,286.28,111146276,0
05/18/2020,15:00,293.05,296.75,292.70,295.00,120320229,0
05/19/2020,15:00,294.35,296.21,291.95,291.97,95189316,0
05/20/2020,15:00,295.82,297.87,295.57,296.93,85861691,0
05/21/2020,15:00,296.79,297.67,293.69,294.88,78293925,0
05/22/2020,15:00,294.57,295.63,293.22,295.44,63958200,0
05/26/2020,15:00,301.93,302.19,298.69,299.08,88951442,0
05/27/2020,15:00,302.12,303.57,296.87,303.53,104817449,0
05/28/2020,15:00,304.65,306.84,302.24,302.97,90767807,0
05/29/2020,15:00,302.46,304.96,299.47,304.32,119265702,0
06/01/2020,15:00,303.62,306.21,303.06,305.55,56779836,0
06/02/2020,15:00,306.55,308.13,305.10,308.08,74267162,0
06/03/2020,15:00,310.24,313.22,309.94,312.18,92567574,0
06/04/2020,15:00,311.11,313.00,309.08,311.36,75794363,0
06/05/2020,15:00,317.23,321.28,317.16,319.34,150524674,0
06/08/2020,15:00,320.22,323.41,319.63,323.20,73641217,0
06/09/2020,15:00,320.30,322.37,319.36,320.79,77479228,0
06/10/2020,15:00,321.42,322.39,318.22,319.00,95000766,0
06/11/2020,15:00,311.46,312.15,300.01,300.61,209243560,0
06/12/2020,15:00,308.24,309.08,298.60,304.21,194678879,0
06/15/2020,15:00,298.02,308.28,296.74,307.05,135782724,0
06/16/2020,15:00,315.48,315.64,307.67,312.96,137627502,0
06/17/2020,15:00,314.07,314.39,310.86,311.66,83398944,0
06/18/2020,15:00,310.01,312.30,309.51,311.78,80828658,0
06/19/2020,15:00,314.17,314.38,306.53,308.64,135549624,0
06/22/2020,15:00,307.99,311.05,306.75,310.62,74649389,0
06/23/2020,15:00,313.49,314.50,311.61,312.05,68471246,0
06/24/2020,15:00,309.84,310.51,302.10,304.09,132813492,0
06/25/2020,15:00,303.47,307.64,301.28,307.35,89467968,0
06/26/2020,15:00,306.16,306.39,299.42,300.05,127961017,0
06/29/2020,15:00,301.41,304.61,298.93,304.46,79773260,0
06/30/2020,15:00,303.99,310.20,303.82,308.36,113394772,0
07/01/2020,15:00,309.57,311.89,309.07,310.52,72396542,0
07/02/2020,15:00,314.24,315.70,311.51,312.23,69344217,0
07/06/2020,15:00,316.37,317.68,315.56,317.05,61713828,0
07/07/2020,15:00,315.38,317.52,313.37,313.78,82909963,0
07/08/2020,15:00,314.61,316.30,312.70,316.18,54638596,0
07/09/2020,15:00,316.84,317.10,310.68,314.38,83354158,0
07/10/2020,15:00,314.31,317.88,312.76,317.59,57552412,0
07/13/2020,15:00,320.13,322.71,314.13,314.84,102997659,0
07/14/2020,15:00,313.30,319.76,312.00,318.92,93657021,0
07/15/2020,15:00,322.41,323.04,319.27,321.85,87202569,0
07/16/2020,15:00,319.79,321.28,319.09,320.79,54622563,0
07/17/2020,15:00,321.88,322.57,319.74,321.72,62776916,0
07/20/2020,15:00,321.43,325.13,320.62,324.32,56311034,0
07/21/2020,15:00,326.45,326.93,323.94,325.01,57500217,0
07/22/2020,15:00,324.62,327.20,324.50,326.86,57795533,0
07/23/2020,15:00,326.47,327.23,321.48,322.96,75742166,0
07/24/2020,15:00,320.95,321.99,319.25,320.88,73766685,0
07/27/2020,15:00,321.63,323.41,320.78,323.22,48293844,0
07/28/2020,15:00,322.43,323.64,320.85,321.17,57495979,0
07/29/2020,15:00,322.12,325.73,322.08,325.12,48462423,0
07/30/2020,15:00,321.90,324.41,319.64,323.96,61863147,0
07/31/2020,15:00,325.90,326.63,321.33,326.52,85210755,0
08/03/2020,15:00,328.32,329.62,327.73,328.79,53078098,0
08/04/2020,15:00,327.86,330.06,327.86,330.06,41919678,0
08/05/2020,15:00,331.47,332.39,331.18,332.11,42866405,0
08/06/2020,15:00,331.48,334.46,331.13,334.33,43679477,0
08/07/2020,15:00,333.28,334.88,332.30,334.57,57308994,0
08/10/2020,15:00,335.06,335.77,332.96,335.57,44287294,0
08/11/2020,15:00,336.85,337.54,332.01,332.80,69603036,0
08/12/2020,15:00,335.44,338.28,335.43,337.44,53827609,0
08/13/2020,15:00,336.61,338.25,335.83,336.83,41819429,0
08/14/2020,15:00,336.41,337.42,335.62,336.84,47260756,0
08/17/2020,15:00,337.94,338.34,336.85,337.91,35482425,0
08/18/2020,15:00,338.34,339.10,336.61,338.64,38734031,0
08/19/2020,15:00,339.05,339.61,336.62,337.23,68055555,0
08/20/2020,15:00,335.36,338.80,335.22,338.28,42208028,0
08/21/2020,15:00,337.92,339.72,337.55,339.48,55108684,0
08/24/2020,15:00,342.12,343.00,341.06,342.92,48589640,0
08/25/2020,15:00,343.53,344.21,342.27,344.12,38463512,0
08/26/2020,15:00,344.76,347.86,344.17,347.57,50790237,0
08/27/2020,15:00,348.51,349.90,346.53,348.33,58034157,0
08/28/2020,15:00,349.44,350.72,348.15,350.58,48589261,0
08/31/2020,15:00,350.35,351.30,349.06,349.31,66108693,0
09/01/2020,15:00,350.21,352.71,349.24,352.60,55000811,0
09/02/2020,15:00,354.67,358.75,353.43,357.70,69540136,0
09/03/2020,15:00,355.87,356.38,342.59,345.39,148018634,0
09/04/2020,15:00,346.13,347.83,334.87,342.57,139156757,0
09/08/2020,15:00,336.71,338.06,332.88,333.21,114467529,0
09/09/2020,15:00,337.55,342.46,336.61,339.79,91463525,0
09/10/2020,15:00,341.82,342.53,332.85,333.89,90570417,0
09/11/2020,15:00,335.82,336.97,331.00,334.06,84683854,0
09/14/2020,15:00,337.49,340.38,336.93,338.46,65605868,0
09/15/2020,15:00,341.12,342.02,339.02,340.17,52921004,0
09/16/2020,15:00,341.51,343.06,338.52,338.82,82216180,0
09/17/2020,15:00,333.56,337.70,332.99,335.84,91524523,0
09/18/2020,15:00,335.37,335.49,327.97,330.65,105882115,0
09/21/2020,15:00,325.70,327.13,321.73,326.97,99451863,0
09/22/2020,15:00,328.57,330.90,325.86,330.30,63612110,0
09/23/2020,15:00,330.90,331.20,322.10,322.64,93116621,0
09/24/2020,15:00,321.22,326.80,319.80,323.50,76689985,0
09/25/2020,15:00,322.58,329.58,321.64,328.73,71071810,0
09/28/2020,15:00,333.22,334.96,332.15,334.19,64585879,0
09/29/2020,15:00,333.97,334.77,331.62,332.37,51535230,0
09/30/2020,15:00,333.09,338.29,332.88,334.89,104082735,0
10/01/2020,15:00,337.69,338.74,335.01,337.04,88704074,0
10/02/2020,15:00,331.70,335.92,331.19,333.84,89435074,0
10/05/2020,15:00,336.06,339.96,336.01,339.76,45714728,0
10/06/2020,15:00,339.91,342.17,334.38,334.93,90131884,0
10/07/2020,15:00,338.12,341.63,338.09,340.76,57002696,0
10/08/2020,15:00,342.85,343.85,341.86,343.78,45242496,0
10/09/2020,15:00,345.56,347.35,344.89,346.85,59528939,0
10/12/2020,15:00,349.59,354.02,349.06,352.43,80389564,0
10/13/2020,15:00,352.28,352.47,349.09,350.13,73255874,0
10/14/2020,15:00,350.75,351.93,347.14,347.93,57960509,0
10/15/2020,15:00,343.71,348.02,343.13,347.50,60359115,0
10/16/2020,15:00,348.96,350.75,347.10,347.29,89515325,0
10/19/2020,15:00,348.65,349.33,341.04,342.01,68425858,0
10/20/2020,15:00,343.46,346.88,342.64,343.38,60051881,0
10/21/2020,15:00,343.33,345.67,342.40,342.73,63575099,0
10/22/2020,15:00,342.96,345.24,340.65,344.61,55399347,0
10/23/2020,15:00,345.93,345.99,343.13,345.78,49149016,0
10/26/2020,15:00,342.13,342.98,335.62,339.39,91475508,0
10/27/2020,15:00,339.76,340.12,337.99,338.22,65995046,0
10/28/2020,15:00,332.10,332.84,326.13,326.66,127095311,0
10/29/2020,15:00,326.91,333.40,325.09,329.98,90601370,0
10/30/2020,15:00,328.28,329.69,322.60,326.54,120451402,0
11/02/2020,15:00,330.20,332.36,327.24,330.20,86070036,0
11/03/2020,15:00,333.69,338.25,333.17,336.03,93294493,0
11/04/2020,15:00,340.86,347.94,339.59,343.54,126961893,0
11/05/2020,15:00,349.24,352.19,348.86,350.24,82040094,0
11/06/2020,15:00,349.93,351.51,347.65,350.16,74975371,0
11/09/2020,15:00,363.97,364.38,354.06,354.56,172304807,0
11/10/2020,15:00,353.49,355.18,350.51,354.04,85554225,0
11/11/2020,15:00,356.40,357.56,355.06,356.67,58650898,0
11/12/2020,15:00,355.58,356.72,351.26,353.21,68122203,0
11/13/2020,15:00,355.27,358.90,354.71,358.10,62963567,0
11/16/2020,15:00,360.98,362.78,359.59,362.57,74541145,0
11/17/2020,15:00,359.97,361.92,358.34,360.62,66111197,0
11/18/2020,15:00,360.91,361.50,356.24,356.28,70592097,0
11/19/2020,15:00,355.60,358.18,354.15,357.78,59941449,0
11/20/2020,15:00,357.50,357.72,355.25,355.33,70414625,0
11/23/2020,15:00,357.28,358.82,354.87,357.46,63231183,0
11/24/2020,15:00,360.21,363.81,359.29,363.22,62418937,0
11/25/2020,15:00,363.13,363.16,361.48,362.66,45330898,0
11/27/2020,15:00,363.84,364.18,362.58,363.67,28516063,0
11/30/2020,15:00,362.83,363.12,359.17,362.06,83874236,0
12/01/2020,15:00,365.57,367.68,364.93,366.02,74505469,0
12/02/2020,15:00,364.82,366.96,364.20,366.79,45927306,0
12/03/2020,15:00,366.68,368.19,365.50,366.69,62882349,0
12/04/2020,15:00,367.32,369.85,367.22,369.85,50751913,0
12/07/2020,15:00,369.02,369.62,367.72,369.09,48944459,0
12/08/2020,15:00,367.72,370.78,367.67,370.17,42458959,0
12/09/2020,15:00,370.88,371.05,365.95,366.85,74098712,0
12/10/2020,15:00,365.37,367.86,364.43,366.73,57738051,0
12/11/2020,15:00,364.90,366.74,363.26,366.30,57699598,0
12/14/2020,15:00,368.64,369.80,364.47,364.66,69218975,0
12/15/2020,15:00,367.40,369.59,365.92,369.59,64072436,0
12/16/2020,15:00,369.82,371.16,368.87,370.17,58422930,0
12/17/2020,15:00,371.94,372.46,371.05,372.24,64120188,0
12/18/2020,15:00,370.97,371.15,367.02,369.18,136557044,0
12/21/2020,15:00,364.97,368.81,362.03,367.86,96387900,0
12/22/2020,15:00,368.21,368.33,366.03,367.24,48389469,0
12/23/2020,15:00,368.28,369.62,367.22,367.57,46201417,0
12/24/2020,15:00,368.08,369.03,367.45,369.00,26459752,0
12/28/2020,15:00,371.74,372.59,371.07,372.17,39001057,0
12/29/2020,15:00,373.81,374.00,370.83,371.46,53680501,0
12/30/2020,15:00,372.34,373.10,371.57,371.99,49455316,0
12/31/2020,15:00,371.78,374.66,371.23,373.88,78521358,0
01/04/2021,15:00,375.31,375.45,364.82,368.79,110212419,0
01/05/2021,15:00,368.10,372.50,368.05,371.33,66428975,0
01/06/2021,15:00,369.71,376.98,369.12,373.55,107998066,0
01/07/2021,15:00,376.10,379.90,375.91,379.10,68767400,0
01/08/2021,15:00,380.59,381.49,377.10,381.26,71679691,0
01/11/2021,15:00,377.85,380.58,377.72,378.69,51176819,0
01/12/2021,15:00,378.89,379.86,376.36,378.77,52547816,0
01/13/2021,15:00,378.69,380.86,377.85,379.79,45304086,0
01/14/2021,15:00,380.59,381.13,378.10,378.46,49989342,0
01/15/2021,15:00,376.72,377.58,373.70,375.70,107163238,0
01/19/2021,15:00,378.34,379.23,376.75,378.65,51233301,0
01/20/2021,15:00,381.11,384.79,380.69,383.89,61836062,0
01/21/2021,15:00,384.49,384.95,383.25,384.24,47957684,0
01/22/2021,15:00,382.25,384.13,381.84,382.88,52137632,0
01/25/2021,15:00,383.67,384.77,378.46,384.39,70403235,0
01/26/2021,15:00,385.41,385.85,383.54,383.79,42665558,0
01/27/2021,15:00,380.22,380.32,372.01,374.41,123352917,0
01/28/2021,15:00,376.36,381.93,375.89,377.63,94199023,0
01/29/2021,15:00,375.63,376.67,368.27,370.07,126769305,0
02/01/2021,15:00,373.72,377.34,371.42,376.23,75818915,0
02/02/2021,15:00,379.65,383.22,376.32,381.55,64450742,0
02/03/2021,15:00,382.44,383.70,380.48,381.85,52427240,0
02/04/2021,15:00,382.96,386.24,381.97,386.19,47142788,0
02/05/2021,15:00,388.20,388.47,386.14,387.71,48671839,0
02/08/2021,15:00,389.27,390.56,388.35,390.51,38365197,0
02/09/2021,15:00,389.61,390.89,389.17,390.25,35552200,0
02/10/2021,15:00,392.12,392.28,387.50,390.08,59155192,0
02/11/2021,15:00,391.24,391.69,388.10,390.71,42913710,0
02/12/2021,15:00,389.85,392.90,389.77,392.64,50594200,0
02/16/2021,15:00,393.96,394.17,391.53,392.30,50977982,0
02/17/2021,15:00,390.42,392.66,389.33,392.39,52807204,0
02/18/2021,15:00,389.59,391.52,387.74,390.72,59714048,0
02/19/2021,15:00,392.07,392.38,389.55,390.03,83243389,0
02/22/2021,15:00,387.06,389.62,386.74,387.03,67414471,0
02/23/2021,15:00,384.66,388.95,380.20,387.50,107284128,0
02/24/2021,15:00,386.33,392.23,385.27,391.77,72438248,0
02/25/2021,15:00,390.41,391.88,380.78,382.33,146671684,0
02/26/2021,15:00,384.35,385.58,378.23,380.36,152703139,0
03/01/2021,15:00,385.59,390.92,385.54,389.58,105363429,0
03/02/2021,15:00,389.80,390.07,386.00,386.54,79595817,0
03/03/2021,15:00,385.79,386.83,381.31,381.42,119940261,0
03/04/2021,15:00,381.22,384.00,371.88,376.70,183433675,0
03/05/2021,15:00,380.46,384.76,372.64,383.63,152041624,0
03/08/2021,15:00,384.66,387.68,381.42,381.72,123150279,0
03/09/2021,15:00,385.85,389.91,385.31,387.17,113633709,0
03/10/2021,15:00,389.69,391.40,388.17,389.58,109902346,0
03/11/2021,15:00,392.23,395.65,391.74,393.53,86248340,0
03/12/2021,15:00,392.07,394.21,391.20,394.06,64653587,0
03/15/2021,15:00,394.33,396.69,392.03,396.41,73593118,0
03/16/2021,15:00,397.07,397.83,395.08,395.91,73722602,0
03/17/2021,15:00,394.53,398.12,393.30,397.26,97962058,0
03/18/2021,15:00,394.48,396.72,390.75,391.48,115349835,0
03/19/2021,15:00,389.88,391.57,387.15,389.48,113648133,0
03/22/2021,15:00,390.03,394.07,389.97,392.59,73778694,0
03/23/2021,15:00,391.91,393.46,388.66,389.50,90686552,0
03/24/2021,15:00,391.00,392.75,387.47,387.52,97591479,0
03/25/2021,15:00,385.98,390.55,383.90,389.70,116129116,0
03/26/2021,15:00,390.93,396.41,390.29,395.98,114413128,0
03/29/2021,15:00,394.40,396.75,392.81,395.78,108107654,0
03/30/2021,15:00,394.42,395.45,393.02,394.73,76262269,0
03/31/2021,15:00,395.34,398.00,395.31,396.33,112736801,0
04/01/2021,15:00,398.40,400.67,398.18,400.61,99683355,0
04/05/2021,15:00,403.46,406.94,403.38,406.36,91687291,0
04/06/2021,15:00,405.76,407.24,405.40,406.12,62021261,0
04/07/2021,15:00,405.94,406.96,405.45,406.59,55836545,0
04/08/2021,15:00,407.93,408.58,406.93,408.52,57863117,0
04/09/2021,15:00,408.39,411.67,408.26,411.49,61104653,0
04/12/2021,15:00,410.85,411.93,410.20,411.64,56705002,0
04/13/2021,15:00,411.53,413.53,411.12,412.86,56551001,0
04/14/2021,15:00,412.83,413.96,410.87,411.45,61662144,0
04/15/2021,15:00,413.74,416.16,413.69,415.87,60230018,0
04/16/2021,15:00,417.25,417.91,415.73,417.26,82037323,0
04/19/2021,15:00,416.26,416.74,413.79,415.21,78503747,0
04/20/2021,15:00,413.91,415.09,410.59,412.17,81852681,0
04/21/2021,15:00,411.51,416.29,411.36,416.07,66793086,0
04/22/2021,15:00,415.89,416.78,411.13,412.27,97583147,0
04/23/2021,15:00,412.87,418.25,412.79,416.74,73276425,0
04/26/2021,15:00,417.44,418.22,416.81,417.61,52182767,0
04/27/2021,15:00,417.93,418.14,416.30,417.52,51303096,0
04/28/2021,15:00,417.81,419.01,416.90,417.40,51239857,0
04/29/2021,15:00,420.32,420.72,416.44,420.06,78544444,0
04/30/2021,15:00,417.63,418.54,416.34,417.30,85527587,0
05/03/2021,15:00,419.43,419.84,417.67,418.20,68128374,0
05/04/2021,15:00,416.07,416.60,411.67,415.62,101596507,0
05/05/2021,15:00,417.38,417.63,415.15,415.75,39961263,0
05/06/2021,15:00,415.83,419.21,413.68,419.07,74321431,0
05/07/2021,15:00,419.89,422.82,419.16,422.12,67733907,0
05/10/2021,15:00,422.50,422.74,417.81,417.94,81853001,0
05/11/2021,15:00,413.10,415.27,410.06,414.21,116888453,0
05/12/2021,15:00,411.23,412.59,404.00,405.41,134820372,0
05/13/2021,15:00,407.07,412.35,407.02,410.28,106394674,0
05/14/2021,15:00,413.21,417.49,413.18,416.58,82202446,0
05/17/2021,15:00,415.39,416.39,413.36,415.52,65129884,0
05/18/2021,15:00,415.80,416.06,411.77,411.94,59811383,0
05/19/2021,15:00,406.92,411.05,405.33,410.86,106467552,0
05/20/2021,15:00,411.80,416.63,411.67,415.28,78022318,0
05/21/2021,15:00,416.87,418.20,414.45,414.94,76582374,0
05/24/2021,15:00,417.34,420.32,417.08,419.17,51376811,0
05/25/2021,15:00,420.33,420.71,417.62,418.24,57451769,0
05/26/2021,15:00,418.87,419.61,417.76,419.07,43088808,0
05/27/2021,15:00,420.17,420.72,418.99,419.29,56707708,0
05/28/2021,15:00,420.97,421.25,419.79,420.04,58520791,0
06/01/2021,15:00,422.57,422.72,419.20,419.67,54217126,0
06/02/2021,15:00,420.37,421.23,419.29,420.33,49097063,0
06/03/2021,15:00,417.85,419.99,416.28,418.77,58138824,0
06/04/2021,15:00,420.75,422.92,420.68,422.60,55938895,0
06/07/2021,15:00,422.59,422.78,421.19,422.19,51555042,0
06/08/2021,15:00,423.16,423.21,420.32,422.28,47134281,0
06/09/2021,15:00,423.18,423.26,421.41,421.65,48436353,0
06/10/2021,15:00,422.96,424.63,421.55,423.61,51020151,0
06/11/2021,15:00,424.20,424.43,422.82,424.31,45570997,0
06/14/2021,15:00,424.43,425.37,423.10,425.26,42359043,0
06/15/2021,15:00,425.42,425.46,423.54,424.48,51508522,0
06/16/2021,15:00,424.63,424.87,419.92,422.11,80386208,0
06/17/2021,15:00,421.67,423.02,419.32,421.97,90951353,0
06/18/2021,15:00,417.09,417.83,414.70,414.92,118679007,0
06/21/2021,15:00,416.80,421.06,415.93,420.86,72823120,0
06/22/2021,15:00,420.85,424.00,420.08,423.11,57700353,0
06/23/2021,15:00,423.19,424.05,422.51,422.60,49445426,0
06/24/2021,15:00,424.89,425.55,424.62,425.10,45110295,0
06/25/2021,15:00,425.90,427.09,425.55,426.61,58129528,0
06/28/2021,15:00,427.17,427.65,425.89,427.47,53159582,0
06/29/2021,15:00,427.88,428.56,427.13,427.70,35970523,0
06/30/2021,15:00,427.21,428.78,427.18,428.06,64828583,0
07/01/2021,15:00,428.87,430.60,428.80,430.43,53441537,0
07/02/2021,15:00,431.67,434.10,431.33,433.72,57697674,0
07/06/2021,15:00,433.78,434.01,430.01,432.93,68711021,0
07/07/2021,15:00,433.66,434.76,431.51,434.46,63551561,0
07/08/2021,15:00,428.78,431.73,427.52,430.92,97595347,0
07/09/2021,15:00,432.53,435.84,430.71,435.52,76239957,0
07/12/2021,15:00,435.43,437.35,434.97,437.08,52889588,0
07/13/2021,15:00,436.24,437.84,435.31,435.59,52911712,0
07/14/2021,15:00,437.40,437.92,434.91,436.24,64130972,0
07/15/2021,15:00,434.81,435.53,432.72,434.75,55126488,0
07/16/2021,15:00,436.01,436.06,430.92,431.34,75875589,0
07/19/2021,15:00,426.19,426.71,421.97,424.97,147987358,0
07/20/2021,15:00,425.68,432.42,424.83,431.06,99608209,0
07/21/2021,15:00,432.34,434.70,431.01,434.55,64724393,0
07/22/2021,15:00,434.74,435.72,433.69,435.46,47879375,0
07/23/2021,15:00,437.52,440.30,436.79,439.94,63767161,0
07/26/2021,15:00,439.31,441.03,439.26,441.02,43720487,0
07/27/2021,15:00,439.91,439.94,435.99,439.01,67397497,0
07/28/2021,15:00,439.68,440.30,437.31,438.83,52472521,0
07/29/2021,15:00,439.82,441.80,439.81,440.65,47437385,0
07/30/2021,15:00,437.91,440.06,437.77,438.51,68953070,0
08/02/2021,15:00,440.34,440.93,437.21,437.59,58784549,0
08/03/2021,15:00,438.44,441.28,436.10,441.15,58053897,0
08/04/2021,15:00,439.78,441.12,438.73,438.98,46732785,0
08/05/2021,15:00,440.22,441.85,439.88,441.76,38969677,0
08/06/2021,15:00,442.10,442.94,441.80,442.49,46931291,0
08/09/2021,15:00,442.46,442.80,441.31,442.13,41222745,0
08/10/2021,15:00,442.61,443.44,441.88,442.68,43339613,0
08/11/2021,15:00,443.82,443.88,442.62,443.78,44034346,0
08/12/2021,15:00,443.62,445.26,442.66,445.11,38942438,0
08/13/2021,15:00,445.59,445.94,445.07,445.92,39470494,0
08/16/2021,15:00,444.53,447.11,442.87,446.97,73933319,0
08/17/2021,15:00,444.24,444.96,440.85,444.04,92674061,0
08/18/2021,15:00,442.96,444.63,438.92,439.18,89354915,0
08/19/2021,15:00,436.27,441.14,436.12,439.86,92813411,0
08/20/2021,15:00,440.23,443.71,439.71,443.36,72009652,0
08/23/2021,15:00,445.16,448.23,443.44,447.26,54973234,0
08/24/2021,15:00,447.97,448.54,447.42,447.97,38745032,0
08/25/2021,15:00,448.17,449.46,447.77,448.91,40529938,0
08/26/2021,15:00,448.61,448.86,446.16,446.26,57830658,0
08/27/2021,15:00,447.12,450.65,447.06,450.25,77235261,0
08/30/2021,15:00,450.97,453.07,450.71,452.23,48357970,0
08/31/2021,15:00,452.13,452.49,450.92,451.56,59300377,0
09/01/2021,15:00,452.56,453.11,451.55,451.80,48722550,0
09/02/2021,15:00,453.32,454.05,451.91,453.19,42830943,0
09/03/2021,15:00,451.98,453.63,451.55,453.08,47235338,0
09/07/2021,15:00,452.71,452.81,450.74,451.46,51674737,0
09/08/2021,15:00,450.89,451.67,448.86,450.91,56182757,0
09/09/2021,15:00,450.70,452.57,448.72,448.98,57972418,0
09/10/2021,15:00,451.04,451.49,445.31,445.44,89951731,0
09/13/2021,15:00,448.64,448.92,444.11,446.58,83738676,0
09/14/2021,15:00,448.12,448.34,443.22,444.17,78201595,0
09/15/2021,15:00,444.62,448.41,443.44,447.88,78793740,0
09/16/2021,15:00,447.32,448.36,444.02,447.17,77787871,0
09/17/2021,15:00,444.92,445.37,441.02,441.40,118430175,0
09/20/2021,15:00,434.88,436.56,428.86,434.04,166453272,0
09/21/2021,15:00,436.53,437.91,433.07,433.63,92528323,0
09/22/2021,15:00,436.05,440.03,433.75,437.86,102353638,0
09/23/2021,15:00,439.85,444.89,439.60,443.18,76401151,0
09/24/2021,15:00,441.44,444.67,441.21,443.91,62095286,0
09/27/2021,15:00,442.81,444.05,441.90,442.64,61377008,0
09/28/2021,15:00,439.69,440.04,432.94,433.72,130437828,0
09/29/2021,15:00,435.19,437.04,433.85,434.45,82329614,0
09/30/2021,15:00,436.02,436.77,428.78,429.14,140508566,0
10/01/2021,15:00,430.98,436.03,427.23,434.24,129242268,0
10/04/2021,15:00,433.00,433.96,426.36,428.64,128570094,0
10/05/2021,15:00,430.24,435.49,429.39,433.10,90684709,0
10/06/2021,15:00,429.27,435.12,427.54,434.90,113033426,0
10/07/2021,15:00,438.39,441.68,438.20,438.66,72437554,0
10/08/2021,15:00,439.48,439.89,437.19,437.86,74558233,0
10/11/2021,15:00,437.16,440.26,434.62,434.69,65234087,0
10/12/2021,15:00,435.67,436.10,432.78,433.62,71182610,0
10/13/2021,15:00,434.71,436.05,431.54,435.18,72976378,0
10/14/2021,15:00,439.08,442.66,438.58,442.50,70237155,0
10/15/2021,15:00,444.75,446.26,444.09,445.87,66263795,0
10/18/2021,15:00,443.97,447.55,443.27,447.19,62213276,0
10/19/2021,15:00,448.92,450.71,448.27,450.64,46997388,0
10/20/2021,15:00,451.13,452.73,451.01,452.41,49571572,0
10/21/2021,15:00,451.77,453.83,451.31,453.59,41307154,0
10/22/2021,15:00,453.13,454.67,451.05,453.12,58845393,0
10/25/2021,15:00,454.28,455.90,452.39,455.55,45216002,0
10/26/2021,15:00,457.20,458.49,455.56,455.96,56075119,0
10/27/2021,15:00,456.45,457.16,453.86,453.94,72438002,0
10/28/2021,15:00,455.46,458.40,455.45,458.32,51437970,0
10/29/2021,15:00,455.87,459.56,455.56,459.25,70163049,0
11/01/2021,15:00,460.30,460.70,458.20,460.04,48433668,0
11/02/2021,15:00,460.22,462.23,460.08,461.90,48908825,0
11/03/2021,15:00,461.30,465.15,460.83,464.72,52509909,0
11/04/2021,15:00,465.36,467.00,464.99,466.91,52847099,0
11/05/2021,15:00,469.28,470.65,466.92,468.53,66391112,0
11/08/2021,15:00,469.70,470.23,468.20,468.93,50405329,0
11/09/2021,15:00,469.32,469.57,465.88,467.38,51149282,0
11/10/2021,15:00,465.58,467.38,462.04,463.62,69429687,0
11/11/2021,15:00,465.21,465.29,463.75,463.77,34848733,0
11/12/2021,15:00,465.12,467.86,464.11,467.27,53467311,0
11/15/2021,15:00,468.64,468.81,466.23,467.43,46981705,0
11/16/2021,15:00,467.15,470.49,467.07,469.28,48857502,0
11/17/2021,15:00,469.00,469.19,467.48,468.14,47863152,0
11/18/2021,15:00,469.24,470.01,466.34,469.73,50626702,0
11/19/2021,15:00,469.61,470.94,468.50,468.89,57317354,0
11/22/2021,15:00,470.89,473.54,467.35,467.57,72764442,0
11/23/2021,15:00,467.22,469.10,464.45,468.19,73206589,0
11/24/2021,15:00,466.06,469.57,465.19,469.44,61863441,0
11/26/2021,15:00,462.34,463.90,457.77,458.97,112672521,0
11/29/2021,15:00,464.07,466.56,461.73,464.60,86272134,0
11/30/2021,15:00,462.00,464.03,455.30,455.56,148561046,0
12/01/2021,15:00,461.64,464.67,450.29,450.50,132487649,0
12/02/2021,15:00,450.73,459.07,450.31,457.40,127638059,0
12/03/2021,15:00,459.17,460.30,448.92,453.42,137331983,0
12/06/2021,15:00,456.13,460.79,453.56,458.79,98982025,0
12/07/2021,15:00,464.41,468.88,464.35,468.28,95484748,0
12/08/2021,15:00,468.70,470.00,466.83,469.52,72239787,0
12/09/2021,15:00,468.15,469.63,466.14,466.35,61274639,0
12/10/2021,15:00,469.23,470.90,466.51,470.74,77160853,0
12/13/2021,15:00,470.19,470.56,466.27,466.57,87724848,0
12/14/2021,15:00,463.09,465.74,460.25,463.36,97264149,0
12/15/2021,15:00,463.42,470.86,460.74,470.60,116929709,0
12/16/2021,15:00,472.57,472.87,464.80,466.45,116569138,0
12/17/2021,15:00,461.55,464.74,458.06,459.87,135640538,0
12/20/2021,15:00,454.48,455.40,451.14,454.98,107134966,0
12/21/2021,15:00,458.61,463.21,456.31,463.06,69806323,0
12/22/2021,15:00,462.79,467.81,462.58,467.69,58890617,0
12/23/2021,15:00,468.75,472.19,468.64,470.60,56439819,0
12/27/2021,15:00,472.06,477.31,472.01,477.26,56808671,0
12/28/2021,15:00,477.72,478.81,476.06,476.87,47274596,0
12/29/2021,15:00,476.98,478.56,475.92,477.48,54503172,0
12/30/2021,15:00,477.93,479.00,475.67,476.16,55329114,0
12/31/2021,15:00,475.64,476.86,474.67,474.96,65237910,0
01/03/2022,15:00,476.30,477.85,473.85,477.71,72668411,0
01/04/2022,15:00,479.22,479.98,475.58,477.55,71178700,0
01/05/2022,15:00,477.16,477.98,468.28,468.38,104539173,0
01/06/2022,15:00,467.89,470.82,465.43,467.94,86859733,0
01/07/2022,15:00,467.95,469.20,464.65,466.09,85112390,0
01/10/2022,15:00,462.70,465.74,456.60,465.51,119362096,0
01/11/2022,15:00,465.23,469.85,462.05,469.75,74303257,0
01/12/2022,15:00,471.59,473.20,468.94,471.02,67605453,0
01/13/2022,15:00,472.19,472.88,463.44,464.53,91173152,0
01/14/2022,15:00,461.19,465.09,459.90,464.72,95892492,0
01/18/2022,15:00,459.74,459.96,455.31,456.49,109873001,0
01/19/2022,15:00,458.13,459.61,451.46,451.75,109357724,0
01/20/2022,15:00,453.75,458.74,444.50,446.75,122380561,0
01/21/2022,15:00,445.56,448.06,437.95,437.98,202271563,0
01/24/2022,15:00,432.03,440.38,420.76,439.84,252500040,0
01/25/2022,15:00,433.06,439.72,427.15,434.47,167997325,0
01/26/2022,15:00,440.72,444.04,428.86,433.38,186391467,0
01/27/2022,15:00,438.26,441.59,429.45,431.24,149878501,0
01/28/2022,15:00,432.68,442.00,427.82,441.95,164458243,0
01/31/2022,15:00,441.24,450.28,439.81,449.91,152251635,0
02/01/2022,15:00,450.68,453.63,446.94,452.95,123155401,0
02/02/2022,15:00,455.50,458.12,453.05,457.35,117361017,0
02/03/2022,15:00,450.95,452.97,445.71,446.60,118024987,0
02/04/2022,15:00,446.35,452.78,443.83,448.70,118454364,0
02/07/2022,15:00,449.51,450.99,445.85,447.26,84473369,0
02/08/2022,15:00,446.73,451.92,445.22,450.94,81012910,0
02/09/2022,15:00,455.22,457.88,455.01,457.54,92590967,0
02/10/2022,15:00,451.34,457.71,447.20,449.32,140105046,0
02/11/2022,15:00,449.41,451.61,438.94,440.46,153215858,0
02/14/2022,15:00,439.92,441.60,435.34,439.02,123007244,0
02/15/2022,15:00,443.73,446.28,443.18,446.10,88660103,0
02/16/2022,15:00,443.93,448.06,441.94,446.60,84863927,0
02/17/2022,15:00,443.22,446.57,436.42,437.06,102260840,0
02/18/2022,15:00,437.33,438.66,431.82,434.23,132646286,0
02/22/2022,15:00,431.89,435.50,425.86,429.57,124401905,0
02/23/2022,15:00,432.66,433.26,421.35,421.95,132617882,0
02/24/2022,15:00,411.02,428.76,410.64,428.30,213943520,0
02/25/2022,15:00,429.61,437.84,427.86,437.75,121810381,0
02/28/2022,15:00,432.03,438.20,430.70,436.63,145615101,0
03/01/2022,15:00,435.04,437.17,427.11,429.98,137785954,0
03/02/2022,15:00,432.37,439.72,431.57,437.89,117734135,0
03/03/2022,15:00,440.47,441.11,433.80,435.71,105502080,0
03/04/2022,15:00,431.75,433.37,427.88,432.17,114088726,0
03/07/2022,15:00,431.55,432.30,419.36,419.43,137896731,0
03/08/2022,15:00,419.62,427.21,415.12,416.25,164778208,0
03/09/2022,15:00,425.14,429.51,422.82,427.41,116991546,0
03/10/2022,15:00,422.52,426.43,420.44,425.48,93972655,0
03/11/2022,15:00,428.12,428.77,419.53,420.07,95637309,0
03/14/2022,15:00,420.89,424.55,415.79,417.00,95730033,0
03/15/2022,15:00,419.77,426.84,418.42,426.17,106221443,0
03/16/2022,15:00,429.89,435.68,424.80,435.62,144955539,0
03/17/2022,15:00,433.59,441.07,433.19,441.07,102677100,0
03/18/2022,15:00,438.00,444.86,437.22,444.52,106352954,0
03/21/2022,15:00,444.34,446.46,440.68,444.39,88349797,0
03/22/2022,15:00,445.86,450.58,445.86,449.59,74650436,0
03/23/2022,15:00,446.91,448.49,443.71,443.80,79428898,0
03/24/2022,15:00,445.94,450.50,444.76,450.49,64739295,0
03/25/2022,15:00,451.16,452.98,448.43,452.69,77101689,0
03/28/2022,15:00,452.06,455.91,450.06,455.91,68531999,0
03/29/2022,15:00,460.02,462.07,457.18,461.55,86581630,0
03/30/2022,15:00,460.34,461.20,456.47,458.70,79667114,0
03/31/2022,15:00,457.89,458.76,451.16,451.64,121700053,0
04/01/2022,15:00,453.31,453.46,449.14,452.92,89049257,0
04/04/2022,15:00,453.13,456.91,452.26,456.80,59601259,0
04/05/2022,15:00,455.22,457.83,449.82,451.03,74215134,0
04/06/2022,15:00,446.89,448.93,443.47,446.52,106901104,0
04/07/2022,15:00,445.59,450.69,443.53,448.77,78097354,0
04/08/2022,15:00,447.97,450.63,445.94,447.57,79273415,0
04/11/2022,15:00,444.11,445.00,439.39,439.92,89770885,0
04/12/2022,15:00,443.08,445.75,436.65,438.29,84364131,0
04/13/2022,15:00,438.03,444.11,437.84,443.31,74070437,0
04/14/2022,15:00,443.55,444.73,437.68,437.79,97870497,0
04/18/2022,15:00,436.81,439.75,435.61,437.97,66002803,0
04/19/2022,15:00,437.86,445.80,437.68,445.04,77821274,0
04/20/2022,15:00,446.92,447.57,443.48,444.71,65224699,0
04/21/2022,15:00,448.54,450.01,437.10,438.06,85417396,0
04/22/2022,15:00,436.91,438.08,425.44,426.04,132472255,0
04/25/2022,15:00,423.67,428.69,418.84,428.51,119653186,0
04/26/2022,15:00,425.83,426.04,416.07,416.10,103996900,0
04/27/2022,15:00,417.24,422.92,415.01,417.27,122031346,0
04/28/2022,15:00,422.29,429.64,417.60,427.81,105449558,0
04/29/2022,15:00,423.59,425.87,411.21,412.00,145493910,0
05/02/2022,15:00,412.07,415.92,405.02,414.48,158312857,0
05/03/2022,15:00,415.01,418.93,413.36,416.38,100028269,0
05/04/2022,15:00,417.08,429.66,413.71,429.06,144248701,0
05/05/2022,15:00,424.55,425.00,409.44,413.81,172931091,0
05/06/2022,15:00,411.10,414.80,405.73,411.34,151778775,0
05/09/2022,15:00,405.10,406.41,396.50,398.17,155586480,0
05/10/2022,15:00,404.49,406.08,394.82,399.09,132497293,0
05/11/2022,15:00,398.07,404.04,391.96,392.75,142361210,0
05/12/2022,15:00,389.37,395.80,385.15,392.34,125091478,0
05/13/2022,15:00,396.71,403.18,395.61,401.72,104187114,0
05/16/2022,15:00,399.98,403.97,397.60,400.09,78623136,0
05/17/2022,15:00,406.53,408.57,402.58,408.32,83030194,0
05/18/2022,15:00,403.50,403.80,390.55,391.86,117676231,0
05/19/2022,15:00,388.62,394.14,387.11,389.46,98513864,0
05/20/2022,15:00,393.25,397.03,380.54,389.63,131439549,0
05/23/2022,15:00,392.83,397.73,390.38,396.92,76415467,0
05/24/2022,15:00,392.56,395.15,386.96,393.89,91448963,0
05/25/2022,15:00,392.31,399.45,391.89,397.37,91473448,0
05/26/2022,15:00,398.67,407.04,398.45,405.31,82168498,0
05/27/2022,15:00,407.91,415.38,407.70,415.26,84790548,0
05/31/2022,15:00,413.55,416.46,410.03,412.93,95937157,0
06/01/2022,15:00,415.17,416.24,406.93,409.59,86588088,0
06/02/2022,15:00,409.42,417.44,407.04,417.39,79624427,0
06/03/2022,15:00,412.40,414.04,409.51,410.54,71876850,0
06/06/2022,15:00,414.78,416.61,410.55,411.79,57514056,0
06/07/2022,15:00,408.10,416.22,407.61,415.74,59278029,0
06/08/2022,15:00,413.93,415.82,410.38,411.22,64349995,0
06/09/2022,15:00,409.34,411.74,401.44,401.44,86289914,0
06/10/2022,15:00,394.88,395.78,389.75,389.80,132900148,0
06/13/2022,15:00,379.85,381.81,373.30,375.00,170005675,0
06/14/2022,15:00,376.85,377.94,370.59,373.87,104014186,0
06/15/2022,15:00,377.36,383.90,372.12,379.20,125670667,0
06/16/2022,15:00,370.51,370.94,364.08,366.65,134473689,0
06/17/2022,15:00,365.51,369.38,362.17,365.86,111114644,0
06/21/2022,15:00,371.89,376.53,371.81,375.07,76812900,0
06/22/2022,15:00,370.62,378.72,370.18,374.39,90060948,0
06/23/2022,15:00,376.64,378.83,372.89,378.06,79294185,0
06/24/2022,15:00,381.40,390.09,381.37,390.08,98052519,0
06/27/2022,15:00,391.05,391.36,387.44,388.59,66009940,0
06/28/2022,15:00,390.23,393.16,380.53,380.65,86689875,0
06/29/2022,15:00,381.23,382.27,378.42,380.34,65679382,0
06/30/2022,15:00,376.24,380.66,372.56,377.25,112508510,0
07/01/2022,15:00,376.56,381.70,373.80,381.24,74840991,0
07/05/2022,15:00,375.88,381.98,372.90,381.96,81439244,0
07/06/2022,15:00,382.11,385.87,379.60,383.25,70430170,0
07/07/2022,15:00,385.12,389.83,383.27,388.99,64526427,0
07/08/2022,15:00,387.27,390.64,385.66,388.67,72398157,0
07/11/2022,15:00,385.85,386.87,383.50,384.23,58367992,0
07/12/2022,15:00,383.65,386.16,378.99,380.83,62219247,0
07/13/2022,15:00,375.10,381.92,374.66,378.83,84225034,0
07/14/2022,15:00,373.61,378.57,371.04,377.91,89704896,0
07/15/2022,15:00,382.55,385.25,380.54,385.13,79061760,0
07/18/2022,15:00,388.38,389.09,380.66,381.95,63203685,0
07/19/2022,15:00,386.08,392.87,385.39,392.27,78512191,0
07/20/2022,15:00,392.47,396.26,391.03,394.77,71843842,0
07/21/2022,15:00,394.16,398.84,391.63,398.79,64903894,0
07/22/2022,15:00,398.92,400.18,392.75,395.09,72197496,0
07/25/2022,15:00,395.75,396.47,393.21,395.57,53632504,0
07/26/2022,15:00,393.84,394.06,389.95,390.89,52948801,0
07/27/2022,15:00,394.36,402.88,394.05,401.04,82348347,0
07/28/2022,15:00,401.89,406.80,398.15,406.07,73967053,0
07/29/2022,15:00,407.58,413.03,406.77,411.99,87003731,0
08/01/2022,15:00,409.15,413.41,408.40,410.77,69998362,0
08/02/2022,15:00,409.12,413.00,406.82,408.06,63435473,0
08/03/2022,15:00,410.30,415.68,410.00,414.45,67825232,0
08/04/2022,15:00,414.37,415.09,412.44,414.17,45656940,0
08/05/2022,15:00,409.66,414.15,409.60,413.47,56816280,0
08/08/2022,15:00,415.25,417.62,411.83,412.99,54026002,0
08/09/2022,15:00,412.22,412.75,410.22,411.35,44931900,0
08/10/2022,15:00,418.78,420.14,416.72,419.99,68665951,0
08/11/2022,15:00,422.99,424.95,419.21,419.99,59490007,0
08/12/2022,15:00,422.03,427.21,421.03,427.10,61705916,0
08/15/2022,15:00,424.77,429.41,424.71,428.86,54048414,0
08/16/2022,15:00,427.73,431.73,426.88,429.70,59289152,0
08/17/2022,15:00,425.91,429.50,424.54,426.65,63563404,0
08/18/2022,15:00,426.86,428.61,425.50,427.89,49023587,0
08/19/2022,15:00,424.98,425.26,421.22,422.14,68020190,0
08/22/2022,15:00,417.05,417.23,412.40,413.35,77695836,0
08/23/2022,15:00,412.90,415.42,411.77,412.35,49105447,0
08/24/2022,15:00,412.11,415.11,411.39,413.67,49181104,0
08/25/2022,15:00,415.24,419.56,414.09,419.51,50943027,0
08/26/2022,15:00,419.39,419.96,405.25,405.31,103087554,0
08/29/2022,15:00,402.20,405.84,401.20,402.63,65371080,0
08/30/2022,15:00,403.85,404.10,396.00,398.21,85652469,0
08/31/2022,15:00,399.93,401.24,395.04,395.18,76030406,0
09/01/2022,15:00,392.89,396.78,390.04,396.42,78741609,0
09/02/2022,15:00,400.28,401.56,390.33,392.24,99632717,0
09/06/2022,15:00,393.13,394.12,388.42,390.76,76637422,0
09/07/2022,15:00,390.43,398.59,390.20,397.78,70964873,0
09/08/2022,15:00,395.39,400.86,394.12,400.38,80822611,0
09/09/2022,15:00,402.74,407.51,402.46,406.60,76707239,0
09/12/2022,15:00,408.78,411.73,408.46,410.97,69256900,0
09/13/2022,15:00,401.83,403.10,391.92,393.10,122947121,0
09/14/2022,15:00,394.47,396.20,391.12,394.60,85024586,0
09/15/2022,15:00,392.96,395.96,388.78,390.12,87640557,0
09/16/2022,15:00,384.14,386.25,382.11,385.56,103087690,0
09/19/2022,15:00,382.26,388.55,382.18,388.55,74544949,0
09/20/2022,15:00,385.06,386.12,381.20,384.09,77274923,0
09/21/2022,15:00,386.11,389.31,377.38,377.39,106747652,0
09/22/2022,15:00,376.58,378.30,373.44,374.22,89474362,0
09/23/2022,15:00,370.58,370.62,363.29,367.95,122355296,0
09/26/2022,15:00,366.41,370.21,363.03,364.31,92581932,0
09/27/2022,15:00,368.02,370.40,360.87,363.38,108295188,0
09/28/2022,15:00,364.38,372.30,362.60,370.53,110804761,0
09/29/2022,15:00,366.81,367.11,359.70,362.79,112952479,0
09/30/2022,15:00,361.80,365.91,357.04,357.18,153713964,0
10/03/2022,15:00,361.08,368.55,359.21,366.61,89764831,0
10/04/2022,15:00,372.40,378.00,372.31,377.97,103624000,0
10/05/2022,15:00,373.39,379.46,370.95,377.09,88066240,0
10/06/2022,15:00,375.62,378.72,372.68,373.20,82333566,0
10/07/2022,15:00,368.97,369.37,360.94,362.79,107790000,0
10/10/2022,15:00,363.96,364.21,357.67,360.02,76045515,0
10/11/2022,15:00,358.24,363.03,355.71,357.74,92488905,0
10/12/2022,15:00,358.17,359.82,356.30,356.56,76991884,0
10/13/2022,15:00,349.21,367.51,348.11,365.97,147254571,0
10/14/2022,15:00,368.55,370.26,356.96,357.63,123739279,0
10/17/2022,15:00,364.01,367.98,363.97,366.82,93170496,0
10/18/2022,15:00,375.13,375.45,367.52,371.13,97164859,0
10/19/2022,15:00,368.99,371.85,365.55,368.50,79747541,0
10/20/2022,15:00,368.03,372.67,364.61,365.41,88283122,0
10/21/2022,15:00,365.12,374.80,363.54,374.29,131042078,0
10/24/2022,15:00,375.89,380.06,373.11,378.87,85440280,0
10/25/2022,15:00,378.79,385.25,378.67,384.92,78848848,0
10/26/2022,15:00,381.62,387.58,381.35,382.02,104087583,0
10/27/2022,15:00,383.07,385.00,379.33,379.98,81978916,0
10/28/2022,15:00,379.87,389.52,379.68,389.02,100314193,0
10/31/2022,15:00,386.44,388.40,385.26,386.21,96632589,0
11/01/2022,15:00,390.14,390.39,383.29,384.52,85407670,0
11/02/2022,15:00,383.90,388.63,374.76,374.87,126995684,0
11/03/2022,15:00,371.47,374.20,368.79,371.01,87100347,0
11/04/2022,15:00,377.00,378.87,370.00,376.35,103507251,0
11/07/2022,15:00,377.71,380.57,375.53,379.95,68287544,0
11/08/2022,15:00,381.11,385.12,377.72,382.00,84641079,0
11/09/2022,15:00,379.93,381.14,373.61,374.13,78495507,0
11/10/2022,15:00,388.05,395.04,385.64,394.69,141468398,0
11/11/2022,15:00,395.59,399.35,393.61,398.51,93840320,0
11/14/2022,15:00,396.66,400.18,394.83,395.12,71893426,0
11/15/2022,15:00,401.15,402.31,394.49,398.49,93196455,0
11/16/2022,15:00,396.78,397.78,394.79,395.45,68508706,0
11/17/2022,15:00,390.46,394.95,390.14,394.24,74496294,0
11/18/2022,15:00,397.74,397.81,393.04,396.03,92922810,0
11/21/2022,15:00,394.64,395.82,392.66,394.59,51243228,0
11/22/2022,15:00,396.63,400.07,395.15,399.90,60429043,0
11/23/2022,15:00,399.55,402.93,399.31,402.42,68262029,0
11/25/2022,15:00,401.83,402.91,401.54,402.33,30547632,0
11/28/2022,15:00,399.09,400.81,395.11,395.91,68023889,0
11/29/2022,15:00,396.05,397.30,393.30,395.23,52312375,0
11/30/2022,15:00,395.49,407.68,393.48,407.68,144567037,0
12/01/2022,15:00,408.77,410.00,404.75,407.38,76398485,0
12/02/2022,15:00,402.25,407.86,402.14,406.91,85344173,0
12/05/2022,15:00,403.95,404.93,398.17,399.59,77290325,0
12/06/2022,15:00,399.42,399.99,391.64,393.83,77972850,0
12/07/2022,15:00,392.94,395.64,391.97,393.16,65929258,0
12/08/2022,15:00,395.14,397.36,393.27,396.24,60738580,0
12/09/2022,15:00,394.94,397.62,393.15,393.28,81449166,0
12/12/2022,15:00,394.11,398.95,393.41,398.95,75406476,0
12/13/2022,15:00,410.22,410.49,399.07,401.97,123782968,0
12/14/2022,15:00,401.61,405.50,396.31,399.40,108116175,0
12/15/2022,15:00,394.30,395.25,387.89,389.63,117713767,0
12/16/2022,15:00,385.18,386.58,381.04,383.27,119858567,0
12/19/2022,15:00,383.47,383.82,378.28,380.02,79879111,0
12/20/2022,15:00,379.23,382.23,377.85,380.54,74427257,0
12/21/2022,15:00,383.25,387.41,382.69,386.23,78167391,0
12/22/2022,15:00,383.05,383.38,374.77,380.72,100121000,0
12/23/2022,15:00,379.65,383.06,378.03,382.91,59858734,0
12/27/2022,15:00,382.79,383.15,379.65,381.40,51638194,0
12/28/2022,15:00,381.33,383.39,376.42,376.66,70919379,0
12/29/2022,15:00,379.63,384.35,379.08,383.44,66972664,0
12/30/2022,15:00,380.64,382.58,378.43,382.43,84025865,0
01/03/2023,15:00,384.37,386.43,377.83,380.82,74850845,0
01/04/2023,15:00,383.18,385.88,380.00,383.76,85934217,0
01/05/2023,15:00,381.72,381.84,378.76,379.38,76970663,0
01/06/2023,15:00,382.61,389.25,379.41,388.08,104189816,0
01/09/2023,15:00,390.37,393.70,387.67,387.86,73978902,0
01/10/2023,15:00,387.25,390.65,386.27,390.58,65358150,0
01/11/2023,15:00,392.23,395.60,391.38,395.52,68882082,0
01/12/2023,15:00,396.67,398.49,392.42,396.96,90157778,0
01/13/2023,15:00,393.62,399.10,393.34,398.50,63904495,0
01/17/2023,15:00,398.48,400.23,397.06,397.77,62679911,0
01/18/2023,15:00,399.01,400.12,391.28,391.49,99639199,0
01/19/2023,15:00,389.36,391.08,387.26,388.64,86958946,0
01/20/2023,15:00,390.10,396.04,388.38,395.88,91806655,0
01/23/2023,15:00,396.72,402.65,395.72,400.63,84178827,0
01/24/2023,15:00,398.88,401.15,397.64,400.20,59525065,0
01/25/2023,15:00,395.95,400.70,393.56,400.35,84804013,0
01/26/2023,15:00,403.13,404.92,400.03,404.75,72288282,0
01/27/2023,15:00,403.66,408.16,403.44,405.68,68349141,0
01/30/2023,15:00,402.80,405.13,400.28,400.59,74203140,0
01/31/2023,15:00,401.13,406.53,400.77,406.48,86811821,0
02/01/2023,15:00,405.21,413.67,402.35,410.80,101459535,0
02/02/2023,15:00,414.86,418.31,412.88,416.78,101655196,0
02/03/2023,15:00,411.59,416.97,411.09,412.35,94738399,0
02/06/2023,15:00,409.79,411.29,408.10,409.83,60295533,0
02/07/2023,15:00,408.87,416.49,407.57,415.19,90991000,0
02/08/2023,15:00,413.13,414.53,409.93,410.65,76230499,0
02/09/2023,15:00,414.41,414.57,405.81,407.09,78694936,0
02/10/2023,15:00,405.86,408.44,405.01,408.04,70769730,0
02/13/2023,15:00,408.72,412.97,408.24,412.83,64913642,0
02/14/2023,15:00,411.24,415.05,408.51,412.64,88391913,0
02/15/2023,15:00,410.35,414.06,409.47,413.98,61685599,0
02/16/2023,15:00,408.79,412.91,408.14,408.28,76435222,0
02/17/2023,15:00,406.06,407.51,404.05,407.26,89259539,0
02/21/2023,15:00,403.06,404.16,398.82,399.09,82656044,0
02/22/2023,15:00,399.52,401.13,397.02,398.54,83742734,0
02/23/2023,15:00,401.56,402.20,396.25,400.66,96242578,0
02/24/2023,15:00,395.42,397.25,393.64,396.38,108200466,0
02/27/2023,15:00,399.87,401.29,396.75,397.73,80444858,0
02/28/2023,15:00,397.23,399.28,396.15,396.26,96440376,0
03/01/2023,15:00,395.41,396.69,393.38,394.74,99709932,0
03/02/2023,15:00,392.68,398.69,392.33,397.81,85405031,0
03/03/2023,15:00,399.71,404.45,399.03,404.19,90120021,0
03/06/2023,15:00,405.05,407.45,404.01,404.47,72795973,0
03/07/2023,15:00,404.42,404.67,397.63,398.27,108310611,0
03/08/2023,15:00,398.39,399.71,396.59,398.92,74746659,0
03/09/2023,15:00,399.74,401.48,390.53,391.56,111946728,0
03/10/2023,15:00,390.99,393.16,384.32,385.91,189256907,0
03/13/2023,15:00,381.81,390.39,380.65,385.36,157789972,0
03/14/2023,15:00,390.50,393.45,387.05,391.73,149752558,0
03/15/2023,15:00,385.89,389.49,383.71,389.28,172997469,0
03/16/2023,15:00,386.82,396.47,386.29,396.11,143755718,0
03/17/2023,15:00,393.22,394.40,388.55,389.99,140556259,0
03/20/2023,15:00,390.80,394.17,390.07,393.74,93055930,0
03/21/2023,15:00,397.24,399.41,395.58,398.91,91528058,0
03/22/2023,15:00,398.73,402.49,392.07,392.11,111752086,0
03/23/2023,15:00,395.09,399.29,390.35,393.17,119351326,0
03/24/2023,15:00,391.84,395.84,389.40,395.75,107771929,0
03/27/2023,15:00,398.12,398.92,395.56,396.49,74010952,0
03/28/2023,15:00,395.77,396.49,393.69,395.60,62886042,0
03/29/2023,15:00,399.93,401.60,398.68,401.35,77503580,0
03/30/2023,15:00,404.09,404.35,401.76,403.70,69841654,0
03/31/2023,15:00,404.66,409.70,404.55,409.39,112070031,0
04/03/2023,15:00,408.85,411.37,408.44,410.95,67391098,0
04/04/2023,15:00,411.62,411.92,407.24,408.67,66603360,0
04/05/2023,15:00,407.91,408.70,405.88,407.60,65200431,0
04/06/2023,15:00,406.77,409.48,405.68,409.19,63743373,0
04/10/2023,15:00,406.61,409.69,405.97,409.61,63681092,0
04/11/2023,15:00,410.26,411.18,408.92,409.72,59298562,0
04/12/2023,15:00,411.87,412.17,407.44,408.05,86420433,0
04/13/2023,15:00,409.18,413.84,407.99,413.47,85814779,0
04/14/2023,15:00,412.81,415.09,410.06,412.46,78161890,0
04/17/2023,15:00,412.37,413.96,411.09,413.94,66436795,0
04/18/2023,15:00,415.58,415.72,412.78,414.21,63560692,0
04/19/2023,15:00,412.22,415.08,412.16,414.14,55227718,0
04/20/2023,15:00,411.21,413.70,410.27,411.88,75840361,0
04/21/2023,15:00,412.19,412.68,410.17,412.20,73458160,0
04/24/2023,15:00,411.99,413.07,410.60,412.63,64334733,0
04/25/2023,15:00,410.58,411.16,406.02,406.08,97777247,0
04/26/2023,15:00,406.72,407.84,403.78,404.36,80447652,0
04/27/2023,15:00,407.00,412.69,406.74,412.41,92968590,0
04/28/2023,15:00,411.49,415.94,411.43,415.93,89433226,0
05/01/2023,15:00,415.47,417.62,415.27,415.51,62123373,0
05/02/2023,15:00,414.77,414.82,407.82,410.84,103998586,0
05/03/2023,15:00,411.36,413.87,407.77,408.02,91534026,0
05/04/2023,15:00,406.93,407.27,403.74,405.13,94902663,0
05/05/2023,15:00,408.91,413.72,408.64,412.63,87892315,0
05/08/2023,15:00,412.97,413.24,411.28,412.74,50047183,0
05/09/2023,15:00,411.13,412.09,410.69,410.93,49220225,0
05/10/2023,15:00,413.88,414.54,408.87,412.85,96143697,0
05/11/2023,15:00,411.95,412.43,409.97,412.13,70157803,0
05/12/2023,15:00,413.42,413.64,409.07,411.59,70492306,0
05/15/2023,15:00,412.22,413.43,410.23,413.01,54289412,0
05/16/2023,15:00,411.86,412.82,410.24,410.25,57705850,0
05/17/2023,15:00,412.35,415.86,410.64,415.23,87287492,0
05/18/2023,15:00,414.90,419.67,414.67,419.23,97177200,0
05/19/2023,15:00,420.17,420.72,417.35,418.62,103793631,0
05/22/2023,15:00,418.64,420.39,417.35,418.79,60745703,0
05/23/2023,15:00,417.08,418.72,413.68,414.09,86384701,0
05/24/2023,15:00,412.42,412.82,409.88,411.09,89213720,0
05/25/2023,15:00,414.74,416.16,412.41,414.65,90961810,0
05/26/2023,15:00,415.33,420.77,415.25,420.02,93830494,0
05/30/2023,15:00,422.03,422.58,418.74,420.18,72216088,0
05/31/2023,15:00,418.28,419.22,416.22,417.85,110811815,0
06/01/2023,15:00,418.09,422.92,416.79,421.82,88866415,0
06/02/2023,15:00,424.50,428.74,423.95,427.92,91426447,0
06/05/2023,15:00,428.28,429.62,426.37,427.10,65460683,0
06/06/2023,15:00,426.67,428.58,425.99,428.03,64022395,0
06/07/2023,15:00,428.44,429.62,426.11,426.55,85373281,0
06/08/2023,15:00,426.62,429.60,425.82,429.13,61952871,0
06/09/2023,15:00,429.96,431.99,428.87,429.90,85648652,0
06/12/2023,15:00,430.92,433.88,430.17,433.80,76257070,0
06/13/2023,15:00,435.32,437.33,434.63,436.66,95901815,0
06/14/2023,15:00,437.01,439.06,433.59,437.18,100616090,0
06/15/2023,15:00,436.33,443.90,436.23,442.60,110313813,0
06/16/2023,15:00,443.02,443.61,438.97,439.46,114167125,0
06/20/2023,15:00,437.45,438.37,435.03,437.18,76160471,0
06/21/2023,15:00,436.16,436.99,434.33,434.93,74266797,0
